X,Y,ELEVATION,CLASS,SYNTHETIC,KEY_POINT,WITHHELD,OVERLAP,INTENSITY,SCAN_ANGLE,RETURN_CNT,RETURN_NUM,GPS_TIME,SOURCE_ID,ELEVATION,CLASS,SYNTHETIC,KEY_POINT,WITHHELD,OVERLAP,INTENSITY,SCAN_ANGLE,RETURN_CNT,RETURN_NUM,GPS_TIME,SOURCE_ID
589926.488,2871150.842,-9.914,9 (Water),,,,,42244,,2,2,515460.462489,86,-9.914,9 (Water),,,,,42244,,2,2,515460.462489,86
589927.001,2871154.303,-9.811,9 (Water),,,,,41578,,3,3,515460.462539,86,-9.811,9 (Water),,,,,41578,,3,3,515460.462539,86
589927.511,2871157.769,-9.839,9 (Water),,,,,41058,,2,2,515460.462589,86,-9.839,9 (Water),,,,,41058,,2,2,515460.462589,86
589927.983,2871161.239,-9.813,9 (Water),,,,,41054,,3,3,515460.462639,86,-9.813,9 (Water),,,,,41054,,3,3,515460.462639,86
589928.439,2871164.712,-9.846,9 (Water),,,,,42252,,3,3,515460.462688,86,-9.846,9 (Water),,,,,42252,,3,3,515460.462688,86
589928.845,2871168.188,-9.76,9 (Water),,,,,41295,,3,3,515460.462738,86,-9.76,9 (Water),,,,,41295,,3,3,515460.462738,86
589928.483,2871132.072,-9.786,9 (Water),,,,,42248,,2,2,515460.502255,86,-9.786,9 (Water),,,,,42248,,2,2,515460.502255,86
589929.147,2871135.511,-9.8,9 (Water),,,,,42501,,3,3,515460.502305,86,-9.8,9 (Water),,,,,42501,,3,3,515460.502305,86
589929.801,2871138.955,-9.906,9 (Water),,,,,42036,,3,3,515460.502355,86,-9.906,9 (Water),,,,,42036,,3,3,515460.502355,86
589930.408,2871142.404,-9.905,9 (Water),,,,,42028,,3,3,515460.502404,86,-9.905,9 (Water),,,,,42028,,3,3,515460.502404,86
589930.976,2871145.857,-9.845,9 (Water),,,,,41531,,3,3,515460.502454,86,-9.845,9 (Water),,,,,41531,,3,3,515460.502454,86
589931.528,2871149.315,-9.846,9 (Water),,,,,41257,,3,3,515460.502504,86,-9.846,9 (Water),,,,,41257,,3,3,515460.502504,86
589932.041,2871152.777,-9.785,9 (Water),,,,,41510,,3,3,515460.502554,86,-9.785,9 (Water),,,,,41510,,3,3,515460.502554,86
589929.834,2871113.452,-9.787,9 (Water),,,,,42670,,2,2,515460.542021,86,-9.787,9 (Water),,,,,42670,,2,2,515460.542021,86
589930.637,2871116.863,-9.858,9 (Water),,,,,41168,,2,2,515460.542070,86,-9.858,9 (Water),,,,,41168,,2,2,515460.542070,86
589931.390,2871120.281,-9.814,9 (Water),,,,,41687,,3,3,515460.542120,86,-9.814,9 (Water),,,,,41687,,3,3,515460.542120,86
589932.128,2871123.706,-9.828,9 (Water),,,,,40826,,3,3,515460.542170,86,-9.828,9 (Water),,,,,40826,,3,3,515460.542170,86
589932.812,2871127.136,-9.708,9 (Water),,,,,40202,,3,3,515460.542220,86,-9.708,9 (Water),,,,,40202,,3,3,515460.542220,86
589933.492,2871130.572,-9.704,9 (Water),,,,,42168,,2,2,515460.542269,86,-9.704,9 (Water),,,,,42168,,2,2,515460.542269,86
589932.375,2871101.682,-9.879,9 (Water),,,,,41708,,3,3,515460.581886,86,-9.879,9 (Water),,,,,41708,,3,3,515460.581886,86
589933.239,2871105.076,-9.892,9 (Water),,,,,41249,,3,3,515460.581936,86,-9.892,9 (Water),,,,,41249,,3,3,515460.581936,86
589934.055,2871108.478,-9.791,9 (Water),,,,,41755,,2,2,515460.581985,86,-9.791,9 (Water),,,,,41755,,2,2,515460.581985,86
589934.856,2871111.887,-9.754,9 (Water),,,,,41628,,3,3,515460.582035,86,-9.754,9 (Water),,,,,41628,,3,3,515460.582035,86
589927.377,2871169.846,-9.738,9 (Water),,,,,47561,,3,3,515473.361423,81,-9.738,9 (Water),,,,,47561,,3,3,515473.361423,81
589926.303,2871166.572,-9.659,9 (Water),,,,,46168,,3,3,515473.361473,81,-9.659,9 (Water),,,,,46168,,3,3,515473.361473,81
589930.650,2871165.807,-9.721,9 (Water),,,,,48688,,3,3,515473.401392,81,-9.721,9 (Water),,,,,48688,,3,3,515473.401392,81
589929.550,2871162.539,-9.808,9 (Water),,,,,46185,,3,3,515473.401441,81,-9.808,9 (Water),,,,,46185,,3,3,515473.401441,81
589928.478,2871159.261,-9.862,9 (Water),,,,,45758,,3,3,515473.401491,81,-9.862,9 (Water),,,,,45758,,3,3,515473.401491,81
589927.437,2871155.975,-9.825,9 (Water),,,,,44374,,3,3,515473.401541,81,-9.825,9 (Water),,,,,44374,,3,3,515473.401541,81
589926.419,2871152.682,-9.823,9 (Water),,,,,47041,,3,3,515473.401591,81,-9.823,9 (Water),,,,,47041,,3,3,515473.401591,81
589931.732,2871155.311,-9.796,9 (Water),,,,,46442,,3,3,515473.441460,81,-9.796,9 (Water),,,,,46442,,3,3,515473.441460,81
589930.673,2871152.031,-9.804,9 (Water),,,,,45881,,3,3,515473.441509,81,-9.804,9 (Water),,,,,45881,,3,3,515473.441509,81
589929.638,2871148.741,-9.83,9 (Water),,,,,46355,,3,3,515473.441559,81,-9.83,9 (Water),,,,,46355,,3,3,515473.441559,81
589928.626,2871145.444,-9.914,9 (Water),,,,,46252,,3,3,515473.441609,81,-9.914,9 (Water),,,,,46252,,3,3,515473.441609,81
589927.644,2871142.139,-9.903,9 (Water),,,,,46193,,3,3,515473.441659,81,-9.903,9 (Water),,,,,46193,,3,3,515473.441659,81
589931.950,2871141.868,-9.957,9 (Water),,,,,45910,,3,3,515473.481576,81,-9.957,9 (Water),,,,,45910,,3,3,515473.481576,81
589930.953,2871138.570,-9.943,9 (Water),,,,,45463,,3,3,515473.481626,81,-9.943,9 (Water),,,,,45463,,3,3,515473.481626,81
589929.986,2871135.264,-9.863,9 (Water),,,,,42152,,3,3,515473.481676,81,-9.863,9 (Water),,,,,42152,,3,3,515473.481676,81
589929.041,2871131.951,-9.833,9 (Water),,,,,44476,,3,3,515473.481725,81,-9.833,9 (Water),,,,,44476,,3,3,515473.481725,81
589928.122,2871128.630,-9.799,9 (Water),,,,,46641,,3,3,515473.481775,81,-9.799,9 (Water),,,,,46641,,3,3,515473.481775,81
589933.355,2871132.177,-9.792,9 (Water),,,,,46235,,3,3,515473.521643,81,-9.792,9 (Water),,,,,46235,,3,3,515473.521643,81
589932.398,2871128.869,-9.701,9 (Water),,,,,46712,,3,3,515473.521693,81,-9.701,9 (Water),,,,,46712,,3,3,515473.521693,81
589931.452,2871125.550,-9.844,9 (Water),,,,,45088,,3,3,515473.521742,81,-9.844,9 (Water),,,,,45088,,3,3,515473.521742,81
589930.535,2871122.225,-9.939,9 (Water),,,,,45455,,3,3,515473.521792,81,-9.939,9 (Water),,,,,45455,,3,3,515473.521792,81
589929.655,2871118.895,-9.859,9 (Water),,,,,45443,,3,3,515473.521842,81,-9.859,9 (Water),,,,,45443,,3,3,515473.521842,81
589933.853,2871119.332,-9.886,9 (Water),,,,,43495,,3,3,515473.561759,81,-9.886,9 (Water),,,,,43495,,3,3,515473.561759,81
589932.953,2871116.006,-9.856,9 (Water),,,,,47387,,3,3,515473.561809,81,-9.856,9 (Water),,,,,47387,,3,3,515473.561809,81
589932.077,2871112.672,-9.859,9 (Water),,,,,46247,,3,3,515473.561859,81,-9.859,9 (Water),,,,,46247,,3,3,515473.561859,81
589931.231,2871109.332,-9.804,9 (Water),,,,,45833,,3,3,515473.561909,81,-9.804,9 (Water),,,,,45833,,3,3,515473.561909,81
589930.401,2871105.983,-9.896,9 (Water),,,,,44704,,3,3,515473.561958,81,-9.896,9 (Water),,,,,44704,,3,3,515473.561958,81
589935.424,2871110.232,-9.834,9 (Water),,,,,46753,,3,3,515473.601824,81,-9.834,9 (Water),,,,,46753,,3,3,515473.601824,81
589934.562,2871106.896,-9.773,9 (Water),,,,,47246,,3,3,515473.601874,81,-9.773,9 (Water),,,,,47246,,3,3,515473.601874,81
589933.714,2871103.551,-9.878,9 (Water),,,,,47281,,3,3,515473.601924,81,-9.878,9 (Water),,,,,47281,,3,3,515473.601924,81
589932.901,2871100.202,-9.848,9 (Water),,,,,45792,,3,3,515473.601974,81,-9.848,9 (Water),,,,,45792,,3,3,515473.601974,81
589927.489,2871166.283,-9.866,9 (Water),,,,,43041,,3,3,516788.123189,85,-9.866,9 (Water),,,,,43041,,3,3,516788.123189,85
589930.645,2871167.774,-9.862,9 (Water),,,,,43984,,3,3,516788.123239,85,-9.862,9 (Water),,,,,43984,,3,3,516788.123239,85
589927.065,2871161.255,-9.95,9 (Water),,,,,44759,,3,3,516788.163147,85,-9.95,9 (Water),,,,,44759,,3,3,516788.163147,85
589930.231,2871162.724,-9.948,9 (Water),,,,,44627,,3,3,516788.163196,85,-9.948,9 (Water),,,,,44627,,3,3,516788.163196,85
589926.527,2871156.252,-9.92,9 (Water),,,,,43760,,3,3,516788.203104,85,-9.92,9 (Water),,,,,43760,,3,3,516788.203104,85
589929.703,2871157.697,-9.944,9 (Water),,,,,44248,,3,3,516788.203153,85,-9.944,9 (Water),,,,,44248,,3,3,516788.203153,85
589929.111,2871152.671,-10.004,9 (Water),,,,,44556,,3,3,516788.243111,85,-10.004,9 (Water),,,,,44556,,3,3,516788.243111,85
589928.424,2871147.737,-9.947,9 (Water),,,,,44100,,3,3,516788.283068,85,-9.947,9 (Water),,,,,44100,,3,3,516788.283068,85
589931.604,2871149.192,-9.789,9 (Water),,,,,46914,,2,2,516788.283117,85,-9.789,9 (Water),,,,,46914,,2,2,516788.283117,85
589927.779,2871142.731,-9.963,9 (Water),,,,,42185,,3,3,516788.323024,85,-9.963,9 (Water),,,,,42185,,3,3,516788.323024,85
589930.974,2871144.139,-9.962,9 (Water),,,,,42383,,3,3,516788.323074,85,-9.962,9 (Water),,,,,42383,,3,3,516788.323074,85
589930.358,2871139.136,-9.954,9 (Water),,,,,46180,,3,3,516788.363031,85,-9.954,9 (Water),,,,,46180,,3,3,516788.363031,85
589929.505,2871134.099,-9.867,9 (Water),,,,,44552,,3,3,516788.402986,85,-9.867,9 (Water),,,,,44552,,3,3,516788.402986,85
589932.706,2871135.497,-9.803,9 (Water),,,,,45336,,2,2,516788.403036,85,-9.803,9 (Water),,,,,45336,,2,2,516788.403036,85
589928.669,2871129.119,-9.851,9 (Water),,,,,42944,,3,3,516788.442943,85,-9.851,9 (Water),,,,,42944,,3,3,516788.442943,85
589931.879,2871130.494,-9.798,9 (Water),,,,,44830,,3,3,516788.442993,85,-9.798,9 (Water),,,,,44830,,3,3,516788.442993,85
589931.032,2871125.562,-9.928,9 (Water),,,,,43313,,3,3,516788.482952,85,-9.928,9 (Water),,,,,43313,,3,3,516788.482952,85
589930.092,2871120.616,-9.974,9 (Water),,,,,42903,,3,3,516788.522910,85,-9.974,9 (Water),,,,,42903,,3,3,516788.522910,85
589933.310,2871121.977,-9.897,9 (Water),,,,,44235,,3,3,516788.522959,85,-9.897,9 (Water),,,,,44235,,3,3,516788.522959,85
589932.164,2871117.087,-9.944,9 (Water),,,,,43935,,3,3,516788.562918,85,-9.944,9 (Water),,,,,43935,,3,3,516788.562918,85
589930.686,2871112.193,-10.027,9 (Water),,,,,44227,,3,3,516788.602875,85,-10.027,9 (Water),,,,,44227,,3,3,516788.602875,85
589933.909,2871113.545,-9.897,9 (Water),,,,,43570,,3,3,516788.602925,85,-9.897,9 (Water),,,,,43570,,3,3,516788.602925,85
589932.267,2871108.709,-9.995,9 (Water),,,,,44560,,3,3,516788.642883,85,-9.995,9 (Water),,,,,44560,,3,3,516788.642883,85
589930.354,2871103.954,-9.994,9 (Water),,,,,43096,,3,3,516788.682841,85,-9.994,9 (Water),,,,,43096,,3,3,516788.682841,85
589933.586,2871105.275,-9.961,9 (Water),,,,,44463,,3,3,516788.682891,85,-9.961,9 (Water),,,,,44463,,3,3,516788.682891,85
589931.431,2871100.533,-9.93,9 (Water),,,,,43727,,3,3,516788.722848,85,-9.93,9 (Water),,,,,43727,,3,3,516788.722848,85
589934.662,2871101.852,-9.934,9 (Water),,,,,44552,,3,3,516788.722898,85,-9.934,9 (Water),,,,,44552,,3,3,516788.722898,85
589931.008,2871168.619,-9.955,9 (Water),,,,,46268,,3,3,516798.537584,80,-9.955,9 (Water),,,,,46268,,3,3,516798.537584,80
589927.849,2871169.984,-9.821,9 (Water),,,,,47826,,3,3,516798.537634,80,-9.821,9 (Water),,,,,47826,,3,3,516798.537634,80
589930.326,2871165.594,-9.973,9 (Water),,,,,49213,,3,3,516798.577591,80,-9.973,9 (Water),,,,,49213,,3,3,516798.577591,80
589927.167,2871166.962,-9.872,9 (Water),,,,,47942,,3,3,516798.577641,80,-9.872,9 (Water),,,,,47942,,3,3,516798.577641,80
589929.662,2871162.506,-9.938,9 (Water),,,,,48593,,3,3,516798.617598,80,-9.938,9 (Water),,,,,48593,,3,3,516798.617598,80
589926.508,2871163.879,-9.963,9 (Water),,,,,48188,,3,3,516798.617647,80,-9.963,9 (Water),,,,,48188,,3,3,516798.617647,80
589929.261,2871159.324,-9.993,9 (Water),,,,,46843,,3,3,516798.657605,80,-9.993,9 (Water),,,,,46843,,3,3,516798.657605,80
589926.105,2871160.694,-9.96,9 (Water),,,,,49103,,3,3,516798.657655,80,-9.96,9 (Water),,,,,49103,,3,3,516798.657655,80
589931.877,2871154.727,-9.923,9 (Water),,,,,47478,,3,3,516798.697564,80,-9.923,9 (Water),,,,,47478,,3,3,516798.697564,80
589928.734,2871156.124,-9.992,9 (Water),,,,,47796,,3,3,516798.697613,80,-9.992,9 (Water),,,,,47796,,3,3,516798.697613,80
589931.524,2871151.423,-9.843,9 (Water),,,,,47723,,3,3,516798.737572,80,-9.843,9 (Water),,,,,47723,,3,3,516798.737572,80
589928.383,2871152.822,-9.958,9 (Water),,,,,49150,,3,3,516798.737622,80,-9.958,9 (Water),,,,,49150,,3,3,516798.737622,80
589931.306,2871148.070,-9.832,9 (Water),,,,,51954,,3,3,516798.777581,80,-9.832,9 (Water),,,,,51954,,3,3,516798.777581,80
589928.162,2871149.464,-9.912,9 (Water),,,,,47325,,3,3,516798.777631,80,-9.912,9 (Water),,,,,47325,,3,3,516798.777631,80
589931.038,2871144.704,-9.838,9 (Water),,,,,50640,,3,3,516798.817591,80,-9.838,9 (Water),,,,,50640,,3,3,516798.817591,80
589927.891,2871146.090,-9.835,9 (Water),,,,,49446,,3,3,516798.817641,80,-9.835,9 (Water),,,,,49446,,3,3,516798.817641,80
589931.044,2871141.258,-9.873,9 (Water),,,,,50761,,3,3,516798.857600,80,-9.873,9 (Water),,,,,50761,,3,3,516798.857600,80
589927.895,2871142.641,-9.855,9 (Water),,,,,48419,,3,3,516798.857650,80,-9.855,9 (Water),,,,,48419,,3,3,516798.857650,80
589931.136,2871137.733,-9.852,9 (Water),,,,,47325,,3,3,516798.897608,80,-9.852,9 (Water),,,,,47325,,3,3,516798.897608,80
589927.989,2871139.119,-9.904,9 (Water),,,,,47395,,3,3,516798.897658,80,-9.904,9 (Water),,,,,47395,,3,3,516798.897658,80
589931.333,2871134.112,-9.896,9 (Water),,,,,48353,,3,3,516798.937616,80,-9.896,9 (Water),,,,,48353,,3,3,516798.937616,80
589928.182,2871135.490,-9.853,9 (Water),,,,,48281,,3,3,516798.937666,80,-9.853,9 (Water),,,,,48281,,3,3,516798.937666,80
589931.672,2871130.428,-9.85,9 (Water),,,,,48720,,3,3,516798.977623,80,-9.85,9 (Water),,,,,48720,,3,3,516798.977623,80
589928.521,2871131.807,-9.841,9 (Water),,,,,47996,,3,3,516798.977672,80,-9.841,9 (Water),,,,,47996,,3,3,516798.977672,80
589931.966,2871126.722,-9.831,9 (Water),,,,,48897,,3,3,516799.017630,80,-9.831,9 (Water),,,,,48897,,3,3,516799.017630,80
589928.815,2871128.098,-9.828,9 (Water),,,,,48966,,3,3,516799.017680,80,-9.828,9 (Water),,,,,48966,,3,3,516799.017680,80
589932.350,2871122.975,-9.848,9 (Water),,,,,49737,,3,3,516799.057638,80,-9.848,9 (Water),,,,,49737,,3,3,516799.057638,80
589929.202,2871124.355,-9.963,9 (Water),,,,,46993,,3,3,516799.057688,80,-9.963,9 (Water),,,,,46993,,3,3,516799.057688,80
589932.826,2871119.145,-9.844,9 (Water),,,,,49940,,3,3,516799.097645,80,-9.844,9 (Water),,,,,49940,,3,3,516799.097645,80
589929.674,2871120.517,-9.857,9 (Water),,,,,49986,,3,3,516799.097695,80,-9.857,9 (Water),,,,,49986,,3,3,516799.097695,80
589933.346,2871115.302,-9.869,9 (Water),,,,,46910,,3,3,516799.137651,80,-9.869,9 (Water),,,,,46910,,3,3,516799.137651,80
589930.192,2871116.671,-9.866,9 (Water),,,,,47387,,3,3,516799.137701,80,-9.866,9 (Water),,,,,47387,,3,3,516799.137701,80
589933.814,2871111.471,-10.027,9 (Water),,,,,49353,,3,3,516799.177660,80,-10.027,9 (Water),,,,,49353,,3,3,516799.177660,80
589930.655,2871112.830,-9.911,9 (Water),,,,,48257,,3,3,516799.177710,80,-9.911,9 (Water),,,,,48257,,3,3,516799.177710,80
589934.276,2871107.625,-9.932,9 (Water),,,,,47492,,3,3,516799.217669,80,-9.932,9 (Water),,,,,47492,,3,3,516799.217669,80
589931.118,2871108.985,-9.905,9 (Water),,,,,47503,,3,3,516799.217719,80,-9.905,9 (Water),,,,,47503,,3,3,516799.217719,80
589934.925,2871103.721,-9.848,9 (Water),,,,,50133,,3,3,516799.257677,80,-9.848,9 (Water),,,,,50133,,3,3,516799.257677,80
589931.771,2871105.084,-9.947,9 (Water),,,,,48684,,3,3,516799.257727,80,-9.947,9 (Water),,,,,48684,,3,3,516799.257727,80
589935.519,2871099.884,-9.927,9 (Water),,,,,48705,,3,3,516799.297686,80,-9.927,9 (Water),,,,,48705,,3,3,516799.297686,80
589932.356,2871101.233,-9.83,9 (Water),,,,,47636,,3,3,516799.297736,80,-9.83,9 (Water),,,,,47636,,3,3,516799.297736,80
