X,Y,ELEVATION,CLASS,SYNTHETIC,KEY_POINT,WITHHELD,OVERLAP,INTENSITY,SCAN_ANGLE,RETURN_CNT,RETURN_NUM,GPS_TIME,SOURCE_ID,ELEVATION,CLASS,SYNTHETIC,KEY_POINT,WITHHELD,OVERLAP,INTENSITY,SCAN_ANGLE,RETURN_CNT,RETURN_NUM,GPS_TIME,SOURCE_ID
589929.362,2871121.755,-9.978,9 (Water),,,,,411,,2,2,515473.521792,0,-9.978,9 (Water),,,,,411,,2,2,515473.521792,0
589926.255,2871170.420,-9.825,9 (Water),,,,,636,,2,2,515473.361423,0,-9.825,9 (Water),,,,,636,,2,2,515473.361423,0
589925.183,2871167.147,-9.704,9 (Water),,,,,822,,2,2,515473.361473,0,-9.704,9 (Water),,,,,822,,2,2,515473.361473,0
589930.650,2871169.641,-9.754,9 (Water),,,,,878,,2,2,515473.401342,0,-9.754,9 (Water),,,,,878,,2,2,515473.401342,0
589929.527,2871166.381,-9.823,9 (Water),,,,,865,,2,2,515473.401392,0,-9.823,9 (Water),,,,,865,,2,2,515473.401392,0
589928.432,2871163.112,-9.84,9 (Water),,,,,379,,2,2,515473.401441,0,-9.84,9 (Water),,,,,379,,2,2,515473.401441,0
589927.359,2871159.835,-9.908,9 (Water),,,,,723,,2,2,515473.401491,0,-9.908,9 (Water),,,,,723,,2,2,515473.401491,0
589926.321,2871156.550,-9.816,9 (Water),,,,,887,,2,2,515473.401541,0,-9.816,9 (Water),,,,,887,,2,2,515473.401541,0
589931.698,2871159.156,-9.822,9 (Water),,,,,692,,2,2,515473.441410,0,-9.822,9 (Water),,,,,692,,2,2,515473.441410,0
589930.616,2871155.885,-9.787,9 (Water),,,,,508,,2,2,515473.441460,0,-9.787,9 (Water),,,,,508,,2,2,515473.441460,0
589929.554,2871152.604,-9.837,9 (Water),,,,,1236,,2,2,515473.441509,0,-9.837,9 (Water),,,,,1236,,2,2,515473.441509,0
589928.516,2871149.314,-9.919,9 (Water),,,,,360,,2,2,515473.441559,0,-9.919,9 (Water),,,,,360,,2,2,515473.441559,0
589927.502,2871146.017,-10.018,9 (Water),,,,,512,,2,2,515473.441609,0,-10.018,9 (Water),,,,,512,,2,2,515473.441609,0
589931.856,2871145.732,-9.962,9 (Water),,,,,555,,2,2,515473.481526,0,-9.962,9 (Water),,,,,555,,2,2,515473.481526,0
589930.830,2871142.441,-10.005,9 (Water),,,,,697,,2,2,515473.481576,0,-10.005,9 (Water),,,,,697,,2,2,515473.481576,0
589929.833,2871139.143,-9.978,9 (Water),,,,,839,,2,2,515473.481626,0,-9.978,9 (Water),,,,,839,,2,2,515473.481626,0
589928.870,2871135.838,-9.842,9 (Water),,,,,822,,2,2,515473.481676,0,-9.842,9 (Water),,,,,822,,2,2,515473.481676,0
589927.920,2871132.524,-9.881,9 (Water),,,,,516,,2,2,515473.481725,0,-9.881,9 (Water),,,,,516,,2,2,515473.481725,0
589933.230,2871136.052,-9.711,9 (Water),,,,,878,,2,2,515473.521593,0,-9.711,9 (Water),,,,,878,,2,2,515473.521593,0
589932.235,2871132.749,-9.827,9 (Water),,,,,1398,,2,2,515473.521643,0,-9.827,9 (Water),,,,,1398,,2,2,515473.521643,0
589931.277,2871129.441,-9.751,9 (Water),,,,,848,,2,2,515473.521693,0,-9.751,9 (Water),,,,,848,,2,2,515473.521693,0
589930.329,2871126.122,-9.936,9 (Water),,,,,551,,2,2,515473.521742,0,-9.936,9 (Water),,,,,551,,2,2,515473.521742,0
589929.414,2871122.798,-9.989,9 (Water),,,,,528,,2,2,515473.521792,0,-9.989,9 (Water),,,,,528,,2,2,515473.521792,0
589933.662,2871123.224,-9.892,9 (Water),,,,,602,,2,2,515473.561710,0,-9.892,9 (Water),,,,,602,,2,2,515473.561710,0
589932.736,2871119.905,-9.867,9 (Water),,,,,477,,2,2,515473.561759,0,-9.867,9 (Water),,,,,477,,2,2,515473.561759,0
589931.825,2871116.576,-10.018,9 (Water),,,,,692,,2,2,515473.561809,0,-10.018,9 (Water),,,,,692,,2,2,515473.561809,0
589930.960,2871113.245,-9.841,9 (Water),,,,,1077,,2,2,515473.561859,0,-9.841,9 (Water),,,,,1077,,2,2,515473.561859,0
589930.113,2871109.905,-9.8,9 (Water),,,,,321,,2,2,515473.561909,0,-9.8,9 (Water),,,,,321,,2,2,515473.561909,0
589934.304,2871110.803,-9.872,9 (Water),,,,,615,,2,2,515473.601824,0,-9.872,9 (Water),,,,,615,,2,2,515473.601824,0
589933.440,2871107.467,-9.825,9 (Water),,,,,680,,2,2,515473.601874,0,-9.825,9 (Water),,,,,680,,2,2,515473.601874,0
589932.594,2871104.123,-9.916,9 (Water),,,,,1245,,2,2,515473.601924,0,-9.916,9 (Water),,,,,1245,,2,2,515473.601924,0
589931.784,2871100.774,-9.831,9 (Water),,,,,490,,2,2,515473.601974,0,-9.831,9 (Water),,,,,490,,2,2,515473.601974,0
589935.982,2871101.854,-9.821,9 (Water),,,,,847,,2,2,515473.641890,0,-9.821,9 (Water),,,,,847,,2,2,515473.641890,0
589930.978,2871166.672,-9.986,9 (Water),,,,,524,,2,2,516798.577591,0,-9.986,9 (Water),,,,,524,,2,2,516798.577591,0
589927.819,2871168.040,-9.899,9 (Water),,,,,1071,,2,2,516798.577641,0,-9.899,9 (Water),,,,,1071,,2,2,516798.577641,0
589930.314,2871163.583,-9.951,9 (Water),,,,,774,,2,2,516798.617598,0,-9.951,9 (Water),,,,,774,,2,2,516798.617598,0
589927.158,2871164.953,-9.92,9 (Water),,,,,452,,2,2,516798.617647,0,-9.92,9 (Water),,,,,452,,2,2,516798.617647,0
589929.912,2871160.397,-9.95,9 (Water),,,,,869,,2,2,516798.657605,0,-9.95,9 (Water),,,,,869,,2,2,516798.657605,0
589926.759,2871161.771,-9.987,9 (Water),,,,,981,,2,2,516798.657655,0,-9.987,9 (Water),,,,,981,,2,2,516798.657655,0
589929.388,2871157.200,-10.005,9 (Water),,,,,248,,2,2,516798.697613,0,-10.005,9 (Water),,,,,248,,2,2,516798.697613,0
589926.231,2871158.568,-9.979,9 (Water),,,,,714,,2,2,516798.697663,0,-9.979,9 (Water),,,,,714,,2,2,516798.697663,0
589932.179,2871152.498,-9.855,9 (Water),,,,,903,,2,2,516798.737572,0,-9.855,9 (Water),,,,,903,,2,2,516798.737572,0
589929.037,2871153.897,-9.971,9 (Water),,,,,623,,2,2,516798.737622,0,-9.971,9 (Water),,,,,623,,2,2,516798.737622,0
589931.964,2871149.148,-9.901,9 (Water),,,,,990,,2,2,516798.777581,0,-9.901,9 (Water),,,,,990,,2,2,516798.777581,0
589928.818,2871150.539,-9.925,9 (Water),,,,,598,,2,2,516798.777631,0,-9.925,9 (Water),,,,,598,,2,2,516798.777631,0
589931.695,2871145.779,-9.865,9 (Water),,,,,860,,2,2,516798.817591,0,-9.865,9 (Water),,,,,860,,2,2,516798.817591,0
589928.547,2871147.164,-9.848,9 (Water),,,,,787,,2,2,516798.817641,0,-9.848,9 (Water),,,,,787,,2,2,516798.817641,0
589931.701,2871142.331,-9.886,9 (Water),,,,,933,,2,2,516798.857600,0,-9.886,9 (Water),,,,,933,,2,2,516798.857600,0
589928.552,2871143.716,-9.882,9 (Water),,,,,667,,2,2,516798.857650,0,-9.882,9 (Water),,,,,667,,2,2,516798.857650,0
589931.793,2871138.807,-9.865,9 (Water),,,,,602,,2,2,516798.897608,0,-9.865,9 (Water),,,,,602,,2,2,516798.897608,0
589928.642,2871140.186,-9.806,9 (Water),,,,,912,,2,2,516798.897658,0,-9.806,9 (Water),,,,,912,,2,2,516798.897658,0
589931.989,2871135.182,-9.853,9 (Water),,,,,1046,,2,2,516798.937616,0,-9.853,9 (Water),,,,,1046,,2,2,516798.937616,0
589928.838,2871136.560,-9.811,9 (Water),,,,,1050,,2,2,516798.937666,0,-9.811,9 (Water),,,,,1050,,2,2,516798.937666,0
589932.328,2871131.498,-9.808,9 (Water),,,,,1153,,2,2,516798.977623,0,-9.808,9 (Water),,,,,1153,,2,2,516798.977623,0
589929.182,2871132.883,-9.924,9 (Water),,,,,904,,2,2,516798.977672,0,-9.924,9 (Water),,,,,904,,2,2,516798.977672,0
589932.625,2871127.795,-9.844,9 (Water),,,,,977,,2,2,516799.017630,0,-9.844,9 (Water),,,,,977,,2,2,516799.017630,0
589933.009,2871124.047,-9.861,9 (Water),,,,,572,,2,2,516799.057638,0,-9.861,9 (Water),,,,,572,,2,2,516799.057638,0
589929.859,2871125.424,-9.92,9 (Water),,,,,572,,2,2,516799.057688,0,-9.92,9 (Water),,,,,572,,2,2,516799.057688,0
589933.487,2871120.220,-9.914,9 (Water),,,,,718,,2,2,516799.097645,0,-9.914,9 (Water),,,,,718,,2,2,516799.097645,0
589930.335,2871121.592,-9.926,9 (Water),,,,,619,,2,2,516799.097695,0,-9.926,9 (Water),,,,,619,,2,2,516799.097695,0
589934.006,2871116.375,-9.897,9 (Water),,,,,610,,2,2,516799.137651,0,-9.897,9 (Water),,,,,610,,2,2,516799.137651,0
589930.850,2871117.740,-9.837,9 (Water),,,,,839,,2,2,516799.137701,0,-9.837,9 (Water),,,,,839,,2,2,516799.137701,0
589931.315,2871113.901,-9.924,9 (Water),,,,,387,,2,2,516799.177710,0,-9.924,9 (Water),,,,,387,,2,2,516799.177710,0
589934.934,2871108.694,-9.904,9 (Water),,,,,1007,,2,2,516799.217669,0,-9.904,9 (Water),,,,,1007,,2,2,516799.217669,0
589931.777,2871110.054,-9.878,9 (Water),,,,,610,,2,2,516799.217719,0,-9.878,9 (Water),,,,,610,,2,2,516799.217719,0
589935.588,2871104.796,-9.932,9 (Water),,,,,985,,2,2,516799.257677,0,-9.932,9 (Water),,,,,985,,2,2,516799.257677,0
589932.429,2871106.152,-9.905,9 (Water),,,,,913,,2,2,516799.257727,0,-9.905,9 (Water),,,,,913,,2,2,516799.257727,0
589933.015,2871102.301,-9.788,9 (Water),,,,,1107,,2,2,516799.297736,0,-9.788,9 (Water),,,,,1107,,2,2,516799.297736,0
589930.498,2871099.716,-9.862,9 (Water),,,,,986,,2,2,516799.337794,0,-9.862,9 (Water),,,,,986,,2,2,516799.337794,0
