X,Y,ELEVATION,CLASS,SYNTHETIC,KEY_POINT,WITHHELD,OVERLAP,INTENSITY,SCAN_ANGLE,RETURN_CNT,RETURN_NUM,GPS_TIME,SOURCE_ID,ELEVATION,CLASS,SYNTHETIC,KEY_POINT,WITHHELD,OVERLAP,INTENSITY,SCAN_ANGLE,RETURN_CNT,RETURN_NUM,GPS_TIME,SOURCE_ID
589924.876,2871179.862,-9.761,9 (Water),,,,,41729,,2,2,515460.422872,86,-9.761,9 (Water),,,,,41729,,2,2,515460.422872,86
589925.187,2871183.349,-9.711,9 (Water),,,,,42177,,3,3,515460.422922,86,-9.711,9 (Water),,,,,42177,,3,3,515460.422922,86
589925.486,2871186.839,-9.738,9 (Water),,,,,41435,,2,2,515460.422971,86,-9.738,9 (Water),,,,,41435,,2,2,515460.422971,86
589925.746,2871190.331,-9.712,9 (Water),,,,,41590,,2,2,515460.423021,86,-9.712,9 (Water),,,,,41590,,2,2,515460.423021,86
589925.981,2871193.824,-9.698,9 (Water),,,,,42084,,3,3,515460.423071,86,-9.698,9 (Water),,,,,42084,,3,3,515460.423071,86
589926.189,2871197.320,-9.687,9 (Water),,,,,41350,,3,3,515460.423121,86,-9.687,9 (Water),,,,,41350,,3,3,515460.423121,86
589926.372,2871200.817,-9.693,9 (Water),,,,,42320,,2,2,515460.423171,86,-9.693,9 (Water),,,,,42320,,2,2,515460.423171,86
589928.845,2871168.188,-9.76,9 (Water),,,,,41295,,3,3,515460.462738,86,-9.76,9 (Water),,,,,41295,,3,3,515460.462738,86
589929.252,2871171.669,-9.825,9 (Water),,,,,41887,,3,3,515460.462788,86,-9.825,9 (Water),,,,,41887,,3,3,515460.462788,86
589929.608,2871175.152,-9.767,9 (Water),,,,,41059,,3,3,515460.462838,86,-9.767,9 (Water),,,,,41059,,3,3,515460.462838,86
589929.957,2871178.638,-9.821,9 (Water),,,,,41759,,3,3,515460.462888,86,-9.821,9 (Water),,,,,41759,,3,3,515460.462888,86
589930.292,2871182.128,-9.94,9 (Water),,,,,41400,,3,3,515460.462937,86,-9.94,9 (Water),,,,,41400,,3,3,515460.462937,86
589930.542,2871185.617,-9.764,9 (Water),,,,,42293,,2,2,515460.462987,86,-9.764,9 (Water),,,,,42293,,2,2,515460.462987,86
589927.991,2871198.996,-9.729,9 (Water),,,,,46551,,3,3,515473.281187,81,-9.729,9 (Water),,,,,46551,,3,3,515473.281187,81
589926.791,2871195.765,-9.73,9 (Water),,,,,46973,,3,3,515473.281237,81,-9.73,9 (Water),,,,,46973,,3,3,515473.281237,81
589925.628,2871192.523,-9.518,9 (Water),,,,,48264,,3,3,515473.281287,81,-9.518,9 (Water),,,,,48264,,3,3,515473.281287,81
589929.906,2871190.677,-9.683,9 (Water),,,,,47214,,3,3,515473.321206,81,-9.683,9 (Water),,,,,47214,,3,3,515473.321206,81
589928.714,2871187.443,-9.723,9 (Water),,,,,46294,,3,3,515473.321256,81,-9.723,9 (Water),,,,,46294,,3,3,515473.321256,81
589927.548,2871184.199,-9.754,9 (Water),,,,,47462,,3,3,515473.321306,81,-9.754,9 (Water),,,,,47462,,3,3,515473.321306,81
589926.404,2871180.945,-9.823,9 (Water),,,,,47724,,3,3,515473.321356,81,-9.823,9 (Water),,,,,47724,,3,3,515473.321356,81
589925.291,2871177.684,-9.81,9 (Water),,,,,47246,,3,3,515473.321406,81,-9.81,9 (Water),,,,,47246,,3,3,515473.321406,81
589930.757,2871179.614,-9.87,9 (Water),,,,,47631,,3,3,515473.361274,81,-9.87,9 (Water),,,,,47631,,3,3,515473.361274,81
589929.602,2871176.367,-9.866,9 (Water),,,,,46193,,3,3,515473.361324,81,-9.866,9 (Water),,,,,46193,,3,3,515473.361324,81
589928.479,2871173.111,-9.765,9 (Water),,,,,45257,,3,3,515473.361374,81,-9.765,9 (Water),,,,,45257,,3,3,515473.361374,81
589927.377,2871169.846,-9.738,9 (Water),,,,,47561,,3,3,515473.361423,81,-9.738,9 (Water),,,,,47561,,3,3,515473.361423,81
589926.112,2871198.586,-9.808,9 (Water),,,,,45385,,3,3,516787.843387,85,-9.808,9 (Water),,,,,45385,,3,3,516787.843387,85
589929.219,2871200.166,-9.859,9 (Water),,,,,45147,,3,3,516787.843436,85,-9.859,9 (Water),,,,,45147,,3,3,516787.843436,85
589925.219,2871193.471,-9.768,9 (Water),,,,,44896,,3,3,516787.883344,85,-9.768,9 (Water),,,,,44896,,3,3,516787.883344,85
589928.338,2871195.024,-9.863,9 (Water),,,,,44279,,3,3,516787.883394,85,-9.863,9 (Water),,,,,44279,,3,3,516787.883394,85
589927.657,2871189.941,-10.009,9 (Water),,,,,44214,,3,3,516787.923354,85,-10.009,9 (Water),,,,,44214,,3,3,516787.923354,85
589926.789,2871184.806,-9.947,9 (Water),,,,,41759,,3,3,516787.963309,85,-9.947,9 (Water),,,,,41759,,3,3,516787.963309,85
589929.912,2871186.366,-9.877,9 (Water),,,,,43520,,3,3,516787.963359,85,-9.877,9 (Water),,,,,43520,,3,3,516787.963359,85
589926.097,2871179.756,-9.931,9 (Water),,,,,45007,,2,2,516788.003267,85,-9.931,9 (Water),,,,,45007,,2,2,516788.003267,85
589929.234,2871181.282,-9.953,9 (Water),,,,,46058,,2,2,516788.003317,85,-9.953,9 (Water),,,,,46058,,2,2,516788.003317,85
589925.421,2871174.754,-9.834,9 (Water),,,,,43458,,3,3,516788.043224,85,-9.834,9 (Water),,,,,43458,,3,3,516788.043224,85
589928.567,2871176.265,-9.816,9 (Water),,,,,46100,,3,3,516788.043274,85,-9.816,9 (Water),,,,,46100,,3,3,516788.043274,85
589927.905,2871171.267,-9.864,9 (Water),,,,,47294,,3,3,516788.083231,85,-9.864,9 (Water),,,,,47294,,3,3,516788.083231,85
589930.645,2871167.774,-9.862,9 (Water),,,,,43984,,3,3,516788.123239,85,-9.862,9 (Water),,,,,43984,,3,3,516788.123239,85
589929.779,2871198.509,-9.721,9 (Water),,,,,48991,,3,3,516798.177778,80,-9.721,9 (Water),,,,,48991,,3,3,516798.177778,80
589926.573,2871199.764,-9.771,9 (Water),,,,,51573,,3,3,516798.177828,80,-9.771,9 (Water),,,,,51573,,3,3,516798.177828,80
589930.536,2871194.916,-9.792,9 (Water),,,,,47682,,3,3,516798.217733,80,-9.792,9 (Water),,,,,47682,,3,3,516798.217733,80
589927.335,2871196.189,-9.721,9 (Water),,,,,48444,,3,3,516798.217782,80,-9.721,9 (Water),,,,,48444,,3,3,516798.217782,80
589928.265,2871192.564,-9.716,9 (Water),,,,,51183,,3,3,516798.257739,80,-9.716,9 (Water),,,,,51183,,3,3,516798.257739,80
589925.070,2871193.843,-9.756,9 (Water),,,,,49186,,3,3,516798.257788,80,-9.756,9 (Water),,,,,49186,,3,3,516798.257788,80
589929.283,2871188.879,-9.841,9 (Water),,,,,50416,,3,3,516798.297695,80,-9.841,9 (Water),,,,,50416,,3,3,516798.297695,80
589926.093,2871190.176,-9.765,9 (Water),,,,,46826,,3,3,516798.297745,80,-9.765,9 (Water),,,,,46826,,3,3,516798.297745,80
589930.622,2871185.110,-9.813,9 (Water),,,,,47503,,3,3,516798.337653,80,-9.813,9 (Water),,,,,47503,,3,3,516798.337653,80
589927.446,2871186.438,-9.866,9 (Water),,,,,49467,,3,3,516798.337703,80,-9.866,9 (Water),,,,,49467,,3,3,516798.337703,80
589928.984,2871182.566,-9.843,9 (Water),,,,,48728,,3,3,516798.377660,80,-9.843,9 (Water),,,,,48728,,3,3,516798.377660,80
589925.810,2871183.896,-9.94,9 (Water),,,,,47980,,3,3,516798.377710,80,-9.94,9 (Water),,,,,47980,,3,3,516798.377710,80
589930.765,2871178.569,-9.991,9 (Water),,,,,48602,,3,3,516798.417617,80,-9.991,9 (Water),,,,,48602,,3,3,516798.417617,80
589927.594,2871179.912,-9.869,9 (Water),,,,,48999,,3,3,516798.417667,80,-9.869,9 (Water),,,,,48999,,3,3,516798.417667,80
589929.724,2871175.739,-9.857,9 (Water),,,,,49886,,3,3,516798.457621,80,-9.857,9 (Water),,,,,49886,,3,3,516798.457621,80
589926.559,2871177.091,-9.911,9 (Water),,,,,46783,,3,3,516798.457671,80,-9.911,9 (Water),,,,,46783,,3,3,516798.457671,80
589928.683,2871172.894,-9.787,9 (Water),,,,,49045,,3,3,516798.497627,80,-9.787,9 (Water),,,,,49045,,3,3,516798.497627,80
589925.520,2871174.248,-9.86,9 (Water),,,,,47449,,3,3,516798.497677,80,-9.86,9 (Water),,,,,47449,,3,3,516798.497677,80
589927.849,2871169.984,-9.821,9 (Water),,,,,47826,,3,3,516798.537634,80,-9.821,9 (Water),,,,,47826,,3,3,516798.537634,80
589927.167,2871166.962,-9.872,9 (Water),,,,,47942,,3,3,516798.577641,80,-9.872,9 (Water),,,,,47942,,3,3,516798.577641,80
