X,Y,ELEVATION,CLASS,SYNTHETIC,KEY_POINT,WITHHELD,OVERLAP,INTENSITY,SCAN_ANGLE,RETURN_CNT,RETURN_NUM,GPS_TIME,SOURCE_ID,ELEVATION,CLASS,SYNTHETIC,KEY_POINT,WITHHELD,OVERLAP,INTENSITY,SCAN_ANGLE,RETURN_CNT,RETURN_NUM,GPS_TIME,SOURCE_ID
590936.333,2871183.501,-21.768,40 (Bathymetric Point),,,,,21187,0.1,2,2,341851977.653864,3,-21.768,40 (Bathymetric Point),,,,,21187,0.1,2,2,341851977.653864,3
590936.246,2871185.993,-21.781,40 (Bathymetric Point),,,,,19202,0.1,2,2,341851977.653964,3,-21.781,40 (Bathymetric Point),,,,,19202,0.1,2,2,341851977.653964,3
590936.198,2871188.507,-21.75,40 (Bathymetric Point),,,,,19018,0.1,2,2,341851977.654064,3,-21.75,40 (Bathymetric Point),,,,,19018,0.1,2,2,341851977.654064,3
590936.171,2871191.010,-21.767,40 (Bathymetric Point),,,,,17491,0.1,2,2,341851977.654164,3,-21.767,40 (Bathymetric Point),,,,,17491,0.1,2,2,341851977.654164,3
590936.173,2871193.524,-21.867,40 (Bathymetric Point),,,,,19267,0.1,2,2,341851977.654264,3,-21.867,40 (Bathymetric Point),,,,,19267,0.1,2,2,341851977.654264,3
590936.286,2871196.039,-21.864,40 (Bathymetric Point),,,,,19942,0.1,2,2,341851977.654364,3,-21.864,40 (Bathymetric Point),,,,,19942,0.1,2,2,341851977.654364,3
590933.653,2871184.524,-21.925,40 (Bathymetric Point),,,,,21994,0.1,2,2,341851977.690967,3,-21.925,40 (Bathymetric Point),,,,,21994,0.1,2,2,341851977.690967,3
590933.575,2871187.049,-21.903,40 (Bathymetric Point),,,,,21620,0.1,2,2,341851977.691067,3,-21.903,40 (Bathymetric Point),,,,,21620,0.1,2,2,341851977.691067,3
590933.568,2871189.563,-21.918,40 (Bathymetric Point),,,,,19778,0.1,2,2,341851977.691167,3,-21.918,40 (Bathymetric Point),,,,,19778,0.1,2,2,341851977.691167,3
590933.580,2871192.066,-21.933,40 (Bathymetric Point),,,,,21843,0.1,2,2,341851977.691267,3,-21.933,40 (Bathymetric Point),,,,,21843,0.1,2,2,341851977.691267,3
590933.613,2871194.569,-21.888,40 (Bathymetric Point),,,,,21771,0.1,2,2,341851977.691367,3,-21.888,40 (Bathymetric Point),,,,,21771,0.1,2,2,341851977.691367,3
590933.716,2871197.073,-21.822,40 (Bathymetric Point),,,,,22806,0.1,2,2,341851977.691467,3,-21.822,40 (Bathymetric Point),,,,,22806,0.1,2,2,341851977.691467,3
590933.838,2871199.577,-21.817,40 (Bathymetric Point),,,,,21063,0.1,2,2,341851977.691567,3,-21.817,40 (Bathymetric Point),,,,,21063,0.1,2,2,341851977.691567,3
590933.991,2871202.081,-21.884,40 (Bathymetric Point),,,,,22800,0.1,2,2,341851977.691667,3,-21.884,40 (Bathymetric Point),,,,,22800,0.1,2,2,341851977.691667,3
590934.094,2871204.585,-22.03,40 (Bathymetric Point),,,,,21443,0.1,2,2,341851977.691767,3,-22.03,40 (Bathymetric Point),,,,,21443,0.1,2,2,341851977.691767,3
590930.940,2871193.044,-21.905,40 (Bathymetric Point),,,,,21862,0.1,2,2,341851977.728370,3,-21.905,40 (Bathymetric Point),,,,,21862,0.1,2,2,341851977.728370,3
590930.923,2871195.559,-21.979,40 (Bathymetric Point),,,,,23344,0.1,2,2,341851977.728470,3,-21.979,40 (Bathymetric Point),,,,,23344,0.1,2,2,341851977.728470,3
590931.115,2871198.074,-21.89,40 (Bathymetric Point),,,,,21404,0.1,2,2,341851977.728570,3,-21.89,40 (Bathymetric Point),,,,,21404,0.1,2,2,341851977.728570,3
590931.248,2871200.578,-21.912,40 (Bathymetric Point),,,,,22963,0.1,2,2,341851977.728670,3,-21.912,40 (Bathymetric Point),,,,,22963,0.1,2,2,341851977.728670,3
590931.411,2871203.071,-21.996,40 (Bathymetric Point),,,,,24353,0.1,2,2,341851977.728770,3,-21.996,40 (Bathymetric Point),,,,,24353,0.1,2,2,341851977.728770,3
590931.684,2871205.565,-21.966,40 (Bathymetric Point),,,,,23730,0.1,2,2,341851977.728870,3,-21.966,40 (Bathymetric Point),,,,,23730,0.1,2,2,341851977.728870,3
590931.997,2871208.059,-21.886,40 (Bathymetric Point),,,,,22682,0.1,2,2,341851977.728970,3,-21.886,40 (Bathymetric Point),,,,,22682,0.1,2,2,341851977.728970,3
590932.150,2871210.552,-22.078,40 (Bathymetric Point),,,,,22033,0.1,2,2,341851977.729070,3,-22.078,40 (Bathymetric Point),,,,,22033,0.1,2,2,341851977.729070,3
590932.604,2871213.014,-21.992,40 (Bathymetric Point),,,,,23468,0.1,2,2,341851977.729170,3,-21.992,40 (Bathymetric Point),,,,,23468,0.1,2,2,341851977.729170,3
590928.930,2871204.239,-22.029,40 (Bathymetric Point),,,,,23212,0.1,2,2,341851977.765873,3,-22.029,40 (Bathymetric Point),,,,,23212,0.1,2,2,341851977.765873,3
590929.233,2871206.722,-21.96,40 (Bathymetric Point),,,,,21168,0.1,2,2,341851977.765973,3,-21.96,40 (Bathymetric Point),,,,,21168,0.1,2,2,341851977.765973,3
590929.526,2871209.216,-21.982,40 (Bathymetric Point),,,,,21260,0.1,2,2,341851977.766073,3,-21.982,40 (Bathymetric Point),,,,,21260,0.1,2,2,341851977.766073,3
590929.850,2871211.677,-22.032,40 (Bathymetric Point),,,,,21522,0.1,2,2,341851977.766173,3,-22.032,40 (Bathymetric Point),,,,,21522,0.1,2,2,341851977.766173,3
590930.253,2871214.161,-21.974,40 (Bathymetric Point),,,,,23003,0.1,2,2,341851977.766273,3,-21.974,40 (Bathymetric Point),,,,,23003,0.1,2,2,341851977.766273,3
590930.666,2871216.634,-22.013,40 (Bathymetric Point),,,,,20506,0.1,2,2,341851977.766373,3,-22.013,40 (Bathymetric Point),,,,,20506,0.1,2,2,341851977.766373,3
590931.100,2871219.107,-22.018,40 (Bathymetric Point),,,,,20919,0.1,2,2,341851977.766473,3,-22.018,40 (Bathymetric Point),,,,,20919,0.1,2,2,341851977.766473,3
590927.349,2871212.734,-22.042,40 (Bathymetric Point),,,,,27086,0.1,2,2,341851977.803276,3,-22.042,40 (Bathymetric Point),,,,,27086,0.1,2,2,341851977.803276,3
590927.742,2871215.196,-22.103,40 (Bathymetric Point),,,,,26594,0.1,2,2,341851977.803376,3,-22.103,40 (Bathymetric Point),,,,,26594,0.1,2,2,341851977.803376,3
590928.206,2871217.658,-22.112,40 (Bathymetric Point),,,,,25460,0.1,2,2,341851977.803476,3,-22.112,40 (Bathymetric Point),,,,,25460,0.1,2,2,341851977.803476,3
590928.670,2871220.120,-22.135,40 (Bathymetric Point),,,,,25139,0.1,2,2,341851977.803576,3,-22.135,40 (Bathymetric Point),,,,,25139,0.1,2,2,341851977.803576,3
590929.213,2871222.582,-22.063,40 (Bathymetric Point),,,,,23946,0.1,2,2,341851977.803676,3,-22.063,40 (Bathymetric Point),,,,,23946,0.1,2,2,341851977.803676,3
590926.319,2871221.211,-21.996,40 (Bathymetric Point),,,,,26889,0.1,2,2,341851977.840679,3,-21.996,40 (Bathymetric Point),,,,,26889,0.1,2,2,341851977.840679,3
590937.992,2871183.923,-21.777,40 (Bathymetric Point),,,,,15879,0.1,2,2,341851981.786594,3,-21.777,40 (Bathymetric Point),,,,,15879,0.1,2,2,341851981.786594,3
590935.822,2871197.952,-21.815,40 (Bathymetric Point),,,,,17891,0.1,2,2,341851981.823097,3,-21.815,40 (Bathymetric Point),,,,,17891,0.1,2,2,341851981.823097,3
590935.790,2871195.393,-21.844,40 (Bathymetric Point),,,,,16194,0.1,2,2,341851981.823197,3,-21.844,40 (Bathymetric Point),,,,,16194,0.1,2,2,341851981.823197,3
590935.687,2871192.845,-21.798,40 (Bathymetric Point),,,,,17563,0.1,2,2,341851981.823297,3,-21.798,40 (Bathymetric Point),,,,,17563,0.1,2,2,341851981.823297,3
590935.515,2871190.285,-21.687,40 (Bathymetric Point),,,,,15650,0.1,2,2,341851981.823397,3,-21.687,40 (Bathymetric Point),,,,,15650,0.1,2,2,341851981.823397,3
590935.413,2871187.726,-21.705,40 (Bathymetric Point),,,,,16109,0.1,2,2,341851981.823497,3,-21.705,40 (Bathymetric Point),,,,,16109,0.1,2,2,341851981.823497,3
590935.130,2871185.177,-21.656,40 (Bathymetric Point),,,,,15145,0.1,2,2,341851981.823597,3,-21.656,40 (Bathymetric Point),,,,,15145,0.1,2,2,341851981.823597,3
590930.987,2871222.296,-22.09,40 (Bathymetric Point),,,,,20263,0.1,2,2,341851981.859200,3,-22.09,40 (Bathymetric Point),,,,,20263,0.1,2,2,341851981.859200,3
590931.245,2871219.739,-21.838,40 (Bathymetric Point),,,,,18802,0.1,2,2,341851981.859300,3,-21.838,40 (Bathymetric Point),,,,,18802,0.1,2,2,341851981.859300,3
590931.673,2871217.228,-21.931,40 (Bathymetric Point),,,,,18691,0.1,2,2,341851981.859400,3,-21.931,40 (Bathymetric Point),,,,,18691,0.1,2,2,341851981.859400,3
590931.951,2871214.704,-21.973,40 (Bathymetric Point),,,,,19228,0.1,2,2,341851981.859500,3,-21.973,40 (Bathymetric Point),,,,,19228,0.1,2,2,341851981.859500,3
590932.239,2871212.159,-22.053,40 (Bathymetric Point),,,,,17092,0.1,2,2,341851981.859600,3,-22.053,40 (Bathymetric Point),,,,,17092,0.1,2,2,341851981.859600,3
590932.467,2871209.635,-22.087,40 (Bathymetric Point),,,,,18514,0.1,2,2,341851981.859700,3,-22.087,40 (Bathymetric Point),,,,,18514,0.1,2,2,341851981.859700,3
590932.665,2871207.067,-21.94,40 (Bathymetric Point),,,,,16901,0.1,2,2,341851981.859800,3,-21.94,40 (Bathymetric Point),,,,,16901,0.1,2,2,341851981.859800,3
590932.733,2871204.509,-21.833,40 (Bathymetric Point),,,,,17819,0.1,2,2,341851981.859900,3,-21.833,40 (Bathymetric Point),,,,,17819,0.1,2,2,341851981.859900,3
590932.811,2871201.962,-21.778,40 (Bathymetric Point),,,,,16620,0.1,2,2,341851981.860000,3,-21.778,40 (Bathymetric Point),,,,,16620,0.1,2,2,341851981.860000,3
590932.868,2871199.404,-21.763,40 (Bathymetric Point),,,,,16869,0.1,2,2,341851981.860100,3,-21.763,40 (Bathymetric Point),,,,,16869,0.1,2,2,341851981.860100,3
590932.876,2871196.846,-21.812,40 (Bathymetric Point),,,,,16797,0.1,2,2,341851981.860200,3,-21.812,40 (Bathymetric Point),,,,,16797,0.1,2,2,341851981.860200,3
590932.864,2871194.276,-21.865,40 (Bathymetric Point),,,,,17321,0.1,2,2,341851981.860300,3,-21.865,40 (Bathymetric Point),,,,,17321,0.1,2,2,341851981.860300,3
590932.832,2871191.729,-22.001,40 (Bathymetric Point),,,,,15879,0.1,2,2,341851981.860400,3,-22.001,40 (Bathymetric Point),,,,,15879,0.1,2,2,341851981.860400,3
590932.559,2871189.179,-21.81,40 (Bathymetric Point),,,,,17327,0.1,2,2,341851981.860500,3,-21.81,40 (Bathymetric Point),,,,,17327,0.1,2,2,341851981.860500,3
590932.406,2871186.631,-21.783,40 (Bathymetric Point),,,,,17019,0.1,2,2,341851981.860600,3,-21.783,40 (Bathymetric Point),,,,,17019,0.1,2,2,341851981.860600,3
590927.654,2871223.591,-21.861,40 (Bathymetric Point),,,,,14162,0.1,2,2,341851981.896203,3,-21.861,40 (Bathymetric Point),,,,,14162,0.1,2,2,341851981.896203,3
590928.112,2871221.080,-22.057,40 (Bathymetric Point),,,,,19058,0.1,2,2,341851981.896303,3,-22.057,40 (Bathymetric Point),,,,,19058,0.1,2,2,341851981.896303,3
590928.460,2871218.557,-21.959,40 (Bathymetric Point),,,,,17504,0.1,2,2,341851981.896403,3,-21.959,40 (Bathymetric Point),,,,,17504,0.1,2,2,341851981.896403,3
590928.778,2871216.023,-21.958,40 (Bathymetric Point),,,,,19418,0.1,2,2,341851981.896503,3,-21.958,40 (Bathymetric Point),,,,,19418,0.1,2,2,341851981.896503,3
590929.026,2871213.488,-21.816,40 (Bathymetric Point),,,,,17046,0.1,2,2,341851981.896603,3,-21.816,40 (Bathymetric Point),,,,,17046,0.1,2,2,341851981.896603,3
590929.274,2871210.942,-21.75,40 (Bathymetric Point),,,,,17452,0.1,2,2,341851981.896703,3,-21.75,40 (Bathymetric Point),,,,,17452,0.1,2,2,341851981.896703,3
590929.502,2871208.396,-21.867,40 (Bathymetric Point),,,,,17249,0.1,2,2,341851981.896803,3,-21.867,40 (Bathymetric Point),,,,,17249,0.1,2,2,341851981.896803,3
590929.629,2871205.872,-22,40 (Bathymetric Point),,,,,18566,0.1,2,2,341851981.896903,3,-22,40 (Bathymetric Point),,,,,18566,0.1,2,2,341851981.896903,3
590929.788,2871203.293,-21.965,40 (Bathymetric Point),,,,,18841,0.1,2,2,341851981.897003,3,-21.965,40 (Bathymetric Point),,,,,18841,0.1,2,2,341851981.897003,3
590929.855,2871200.746,-21.931,40 (Bathymetric Point),,,,,18487,0.1,2,2,341851981.897103,3,-21.931,40 (Bathymetric Point),,,,,18487,0.1,2,2,341851981.897103,3
590926.988,2871222.944,-21.722,40 (Bathymetric Point),,,,,47179,0.1,2,2,341852340.359207,4,-21.722,40 (Bathymetric Point),,,,,47179,0.1,2,2,341852340.359207,4
590927.616,2871220.489,-21.808,40 (Bathymetric Point),,,,,49276,0.1,2,2,341852340.359307,4,-21.808,40 (Bathymetric Point),,,,,49276,0.1,2,2,341852340.359307,4
590928.234,2871217.990,-21.922,40 (Bathymetric Point),,,,,47139,0.1,2,2,341852340.359407,4,-21.922,40 (Bathymetric Point),,,,,47139,0.1,2,2,341852340.359407,4
590928.732,2871215.502,-22.004,40 (Bathymetric Point),,,,,49453,0.1,2,2,341852340.359507,4,-22.004,40 (Bathymetric Point),,,,,49453,0.1,2,2,341852340.359507,4
590929.089,2871213.023,-21.893,40 (Bathymetric Point),,,,,42860,0.1,2,2,341852340.359607,4,-21.893,40 (Bathymetric Point),,,,,42860,0.1,2,2,341852340.359607,4
590929.477,2871210.534,-21.858,40 (Bathymetric Point),,,,,40389,0.1,2,2,341852340.359707,4,-21.858,40 (Bathymetric Point),,,,,40389,0.1,2,2,341852340.359707,4
590929.855,2871208.022,-21.906,40 (Bathymetric Point),,,,,46458,0.1,2,2,341852340.359807,4,-21.906,40 (Bathymetric Point),,,,,46458,0.1,2,2,341852340.359807,4
590930.183,2871205.499,-21.953,40 (Bathymetric Point),,,,,49171,0.1,2,2,341852340.359907,4,-21.953,40 (Bathymetric Point),,,,,49171,0.1,2,2,341852340.359907,4
590930.421,2871202.976,-21.863,40 (Bathymetric Point),,,,,47709,0.1,2,2,341852340.360007,4,-21.863,40 (Bathymetric Point),,,,,47709,0.1,2,2,341852340.360007,4
590930.688,2871200.463,-21.819,40 (Bathymetric Point),,,,,50613,0.1,2,2,341852340.360107,4,-21.819,40 (Bathymetric Point),,,,,50613,0.1,2,2,341852340.360107,4
590930.896,2871197.929,-21.876,40 (Bathymetric Point),,,,,48804,0.1,2,2,341852340.360207,4,-21.876,40 (Bathymetric Point),,,,,48804,0.1,2,2,341852340.360207,4
590931.054,2871195.393,-21.841,40 (Bathymetric Point),,,,,50056,0.1,2,2,341852340.360307,4,-21.841,40 (Bathymetric Point),,,,,50056,0.1,2,2,341852340.360307,4
590931.192,2871192.858,-21.898,40 (Bathymetric Point),,,,,48725,0.1,2,2,341852340.360407,4,-21.898,40 (Bathymetric Point),,,,,48725,0.1,2,2,341852340.360407,4
590929.205,2871223.801,-21.893,40 (Bathymetric Point),,,,,44983,0.1,2,2,341852340.396210,4,-21.893,40 (Bathymetric Point),,,,,44983,0.1,2,2,341852340.396210,4
590929.823,2871221.335,-21.963,40 (Bathymetric Point),,,,,42729,0.1,2,2,341852340.396310,4,-21.963,40 (Bathymetric Point),,,,,42729,0.1,2,2,341852340.396310,4
590930.390,2871218.869,-22.058,40 (Bathymetric Point),,,,,47034,0.1,2,2,341852340.396410,4,-22.058,40 (Bathymetric Point),,,,,47034,0.1,2,2,341852340.396410,4
590930.898,2871216.392,-22.066,40 (Bathymetric Point),,,,,50108,0.1,2,2,341852340.396510,4,-22.066,40 (Bathymetric Point),,,,,50108,0.1,2,2,341852340.396510,4
590931.266,2871213.924,-21.925,40 (Bathymetric Point),,,,,45173,0.1,2,2,341852340.396610,4,-21.925,40 (Bathymetric Point),,,,,45173,0.1,2,2,341852340.396610,4
590931.684,2871211.424,-21.875,40 (Bathymetric Point),,,,,45612,0.1,2,2,341852340.396710,4,-21.875,40 (Bathymetric Point),,,,,45612,0.1,2,2,341852340.396710,4
590932.072,2871208.902,-21.85,40 (Bathymetric Point),,,,,46359,0.1,2,2,341852340.396810,4,-21.85,40 (Bathymetric Point),,,,,46359,0.1,2,2,341852340.396810,4
590932.399,2871206.401,-21.811,40 (Bathymetric Point),,,,,48961,0.1,2,2,341852340.396910,4,-21.811,40 (Bathymetric Point),,,,,48961,0.1,2,2,341852340.396910,4
590932.737,2871203.878,-21.838,40 (Bathymetric Point),,,,,46635,0.1,2,2,341852340.397010,4,-21.838,40 (Bathymetric Point),,,,,46635,0.1,2,2,341852340.397010,4
590933.015,2871201.355,-21.853,40 (Bathymetric Point),,,,,51248,0.1,2,2,341852340.397110,4,-21.853,40 (Bathymetric Point),,,,,51248,0.1,2,2,341852340.397110,4
590933.223,2871198.831,-21.829,40 (Bathymetric Point),,,,,47657,0.1,2,2,341852340.397210,4,-21.829,40 (Bathymetric Point),,,,,47657,0.1,2,2,341852340.397210,4
590933.411,2871196.307,-21.799,40 (Bathymetric Point),,,,,51301,0.1,2,2,341852340.397310,4,-21.799,40 (Bathymetric Point),,,,,51301,0.1,2,2,341852340.397310,4
590933.548,2871193.771,-21.793,40 (Bathymetric Point),,,,,43876,0.1,2,2,341852340.397410,4,-21.793,40 (Bathymetric Point),,,,,43876,0.1,2,2,341852340.397410,4
590933.646,2871191.236,-21.77,40 (Bathymetric Point),,,,,46196,0.1,2,2,341852340.397510,4,-21.77,40 (Bathymetric Point),,,,,46196,0.1,2,2,341852340.397510,4
590933.714,2871188.700,-21.803,40 (Bathymetric Point),,,,,44000,0.1,2,2,341852340.397610,4,-21.803,40 (Bathymetric Point),,,,,44000,0.1,2,2,341852340.397610,4
590933.721,2871186.164,-21.811,40 (Bathymetric Point),,,,,47605,0.1,2,2,341852340.397710,4,-21.811,40 (Bathymetric Point),,,,,47605,0.1,2,2,341852340.397710,4
590933.629,2871183.616,-21.687,40 (Bathymetric Point),,,,,44760,0.1,2,2,341852340.397810,4,-21.687,40 (Bathymetric Point),,,,,44760,0.1,2,2,341852340.397810,4
590935.202,2871202.145,-21.793,40 (Bathymetric Point),,,,,46799,0.1,2,2,341852340.434113,4,-21.793,40 (Bathymetric Point),,,,,46799,0.1,2,2,341852340.434113,4
590935.470,2871199.622,-21.778,40 (Bathymetric Point),,,,,48162,0.1,2,2,341852340.434213,4,-21.778,40 (Bathymetric Point),,,,,48162,0.1,2,2,341852340.434213,4
590935.668,2871197.098,-21.728,40 (Bathymetric Point),,,,,43895,0.1,2,2,341852340.434313,4,-21.728,40 (Bathymetric Point),,,,,43895,0.1,2,2,341852340.434313,4
590935.876,2871194.552,-21.83,40 (Bathymetric Point),,,,,43954,0.1,2,2,341852340.434413,4,-21.83,40 (Bathymetric Point),,,,,43954,0.1,2,2,341852340.434413,4
590935.973,2871192.038,-21.802,40 (Bathymetric Point),,,,,48155,0.1,2,2,341852340.434513,4,-21.802,40 (Bathymetric Point),,,,,48155,0.1,2,2,341852340.434513,4
590936.041,2871189.502,-21.798,40 (Bathymetric Point),,,,,44131,0.1,2,2,341852340.434613,4,-21.798,40 (Bathymetric Point),,,,,44131,0.1,2,2,341852340.434613,4
590936.099,2871186.933,-21.847,40 (Bathymetric Point),,,,,43070,0.1,2,2,341852340.434713,4,-21.847,40 (Bathymetric Point),,,,,43070,0.1,2,2,341852340.434713,4
590936.036,2871184.408,-21.741,40 (Bathymetric Point),,,,,45317,0.1,2,2,341852340.434813,4,-21.741,40 (Bathymetric Point),,,,,45317,0.1,2,2,341852340.434813,4
590926.153,2871219.172,-21.916,40 (Bathymetric Point),,,,,29930,0.1,2,2,341852344.455635,4,-21.916,40 (Bathymetric Point),,,,,29930,0.1,2,2,341852344.455635,4
590926.296,2871221.709,-21.927,40 (Bathymetric Point),,,,,25401,0.1,2,2,341852344.455735,4,-21.927,40 (Bathymetric Point),,,,,25401,0.1,2,2,341852344.455735,4
590928.294,2871207.812,-21.979,40 (Bathymetric Point),,,,,23298,0.1,2,2,341852344.492238,4,-21.979,40 (Bathymetric Point),,,,,23298,0.1,2,2,341852344.492238,4
590928.267,2871210.337,-22.015,40 (Bathymetric Point),,,,,22623,0.1,2,2,341852344.492338,4,-22.015,40 (Bathymetric Point),,,,,22623,0.1,2,2,341852344.492338,4
590928.269,2871212.874,-22.125,40 (Bathymetric Point),,,,,26339,0.1,2,2,341852344.492438,4,-22.125,40 (Bathymetric Point),,,,,26339,0.1,2,2,341852344.492438,4
590928.322,2871215.399,-22.119,40 (Bathymetric Point),,,,,25840,0.1,2,2,341852344.492538,4,-22.119,40 (Bathymetric Point),,,,,25840,0.1,2,2,341852344.492538,4
590928.465,2871217.914,-22.079,40 (Bathymetric Point),,,,,27387,0.1,2,2,341852344.492638,4,-22.079,40 (Bathymetric Point),,,,,27387,0.1,2,2,341852344.492638,4
590928.617,2871220.452,-22.05,40 (Bathymetric Point),,,,,24831,0.1,2,2,341852344.492738,4,-22.05,40 (Bathymetric Point),,,,,24831,0.1,2,2,341852344.492738,4
590928.760,2871223.000,-22.052,40 (Bathymetric Point),,,,,24694,0.1,2,2,341852344.492838,4,-22.052,40 (Bathymetric Point),,,,,24694,0.1,2,2,341852344.492838,4
590933.126,2871183.867,-21.915,40 (Bathymetric Point),,,,,26011,0.1,2,2,341852344.528341,4,-21.915,40 (Bathymetric Point),,,,,26011,0.1,2,2,341852344.528341,4
590932.729,2871186.356,-21.903,40 (Bathymetric Point),,,,,25401,0.1,2,2,341852344.528441,4,-21.903,40 (Bathymetric Point),,,,,25401,0.1,2,2,341852344.528441,4
590932.301,2871188.845,-22.027,40 (Bathymetric Point),,,,,23265,0.1,2,2,341852344.528541,4,-22.027,40 (Bathymetric Point),,,,,23265,0.1,2,2,341852344.528541,4
590931.973,2871191.390,-21.844,40 (Bathymetric Point),,,,,22013,0.1,2,2,341852344.528641,4,-21.844,40 (Bathymetric Point),,,,,22013,0.1,2,2,341852344.528641,4
590931.605,2871193.880,-21.928,40 (Bathymetric Point),,,,,22426,0.1,2,2,341852344.528741,4,-21.928,40 (Bathymetric Point),,,,,22426,0.1,2,2,341852344.528741,4
590931.387,2871196.404,-21.869,40 (Bathymetric Point),,,,,22433,0.1,2,2,341852344.528841,4,-21.869,40 (Bathymetric Point),,,,,22433,0.1,2,2,341852344.528841,4
590931.120,2871198.927,-21.944,40 (Bathymetric Point),,,,,23409,0.1,2,2,341852344.528941,4,-21.944,40 (Bathymetric Point),,,,,23409,0.1,2,2,341852344.528941,4
590930.962,2871201.440,-21.895,40 (Bathymetric Point),,,,,25840,0.1,2,2,341852344.529041,4,-21.895,40 (Bathymetric Point),,,,,25840,0.1,2,2,341852344.529041,4
590930.804,2871203.975,-21.9,40 (Bathymetric Point),,,,,22977,0.1,2,2,341852344.529141,4,-21.9,40 (Bathymetric Point),,,,,22977,0.1,2,2,341852344.529141,4
590930.746,2871206.522,-21.911,40 (Bathymetric Point),,,,,22249,0.1,2,2,341852344.529241,4,-21.911,40 (Bathymetric Point),,,,,22249,0.1,2,2,341852344.529241,4
590930.649,2871209.058,-21.946,40 (Bathymetric Point),,,,,22347,0.1,2,2,341852344.529341,4,-21.946,40 (Bathymetric Point),,,,,22347,0.1,2,2,341852344.529341,4
590930.651,2871211.594,-21.883,40 (Bathymetric Point),,,,,21207,0.1,2,2,341852344.529441,4,-21.883,40 (Bathymetric Point),,,,,21207,0.1,2,2,341852344.529441,4
590930.694,2871214.098,-22.027,40 (Bathymetric Point),,,,,22151,0.1,2,2,341852344.529541,4,-22.027,40 (Bathymetric Point),,,,,22151,0.1,2,2,341852344.529541,4
590930.756,2871216.623,-22.085,40 (Bathymetric Point),,,,,23488,0.1,2,2,341852344.529641,4,-22.085,40 (Bathymetric Point),,,,,23488,0.1,2,2,341852344.529641,4
590930.849,2871219.160,-22.155,40 (Bathymetric Point),,,,,23271,0.1,2,2,341852344.529741,4,-22.155,40 (Bathymetric Point),,,,,23271,0.1,2,2,341852344.529741,4
590930.982,2871221.698,-22.083,40 (Bathymetric Point),,,,,24281,0.1,2,2,341852344.529841,4,-22.083,40 (Bathymetric Point),,,,,24281,0.1,2,2,341852344.529841,4
590935.261,2871185.089,-21.841,40 (Bathymetric Point),,,,,22872,0.1,2,2,341852344.565444,4,-21.841,40 (Bathymetric Point),,,,,22872,0.1,2,2,341852344.565444,4
590935.003,2871187.579,-21.679,40 (Bathymetric Point),,,,,20565,0.1,2,2,341852344.565544,4,-21.679,40 (Bathymetric Point),,,,,20565,0.1,2,2,341852344.565544,4
590934.495,2871190.079,-21.669,40 (Bathymetric Point),,,,,19831,0.1,2,2,341852344.565644,4,-21.669,40 (Bathymetric Point),,,,,19831,0.1,2,2,341852344.565644,4
590934.127,2871192.590,-21.768,40 (Bathymetric Point),,,,,21207,0.1,2,2,341852344.565744,4,-21.768,40 (Bathymetric Point),,,,,21207,0.1,2,2,341852344.565744,4
590933.910,2871195.081,-21.889,40 (Bathymetric Point),,,,,22275,0.1,2,2,341852344.565844,4,-21.889,40 (Bathymetric Point),,,,,22275,0.1,2,2,341852344.565844,4
590933.572,2871197.637,-21.854,40 (Bathymetric Point),,,,,22819,0.1,2,2,341852344.565944,4,-21.854,40 (Bathymetric Point),,,,,22819,0.1,2,2,341852344.565944,4
590933.364,2871200.172,-21.884,40 (Bathymetric Point),,,,,23579,0.1,2,2,341852344.566044,4,-21.884,40 (Bathymetric Point),,,,,23579,0.1,2,2,341852344.566044,4
590933.176,2871202.685,-21.957,40 (Bathymetric Point),,,,,22321,0.1,2,2,341852344.566144,4,-21.957,40 (Bathymetric Point),,,,,22321,0.1,2,2,341852344.566144,4
590933.088,2871205.220,-21.975,40 (Bathymetric Point),,,,,24667,0.1,2,2,341852344.566244,4,-21.975,40 (Bathymetric Point),,,,,24667,0.1,2,2,341852344.566244,4
590932.991,2871207.756,-22.009,40 (Bathymetric Point),,,,,24268,0.1,2,2,341852344.566344,4,-22.009,40 (Bathymetric Point),,,,,24268,0.1,2,2,341852344.566344,4
590932.973,2871210.270,-21.968,40 (Bathymetric Point),,,,,24602,0.1,2,2,341852344.566444,4,-21.968,40 (Bathymetric Point),,,,,24602,0.1,2,2,341852344.566444,4
590933.016,2871212.807,-21.862,40 (Bathymetric Point),,,,,21122,0.1,2,2,341852344.566544,4,-21.862,40 (Bathymetric Point),,,,,21122,0.1,2,2,341852344.566544,4
590937.832,2871183.855,-21.998,40 (Bathymetric Point),,,,,24268,0.1,2,2,341852344.602447,4,-21.998,40 (Bathymetric Point),,,,,24268,0.1,2,2,341852344.602447,4
590937.425,2871186.355,-21.894,40 (Bathymetric Point),,,,,22996,0.1,2,2,341852344.602547,4,-21.894,40 (Bathymetric Point),,,,,22996,0.1,2,2,341852344.602547,4
590937.077,2871188.867,-21.787,40 (Bathymetric Point),,,,,23809,0.1,2,2,341852344.602647,4,-21.787,40 (Bathymetric Point),,,,,23809,0.1,2,2,341852344.602647,4
590936.729,2871191.368,-21.682,40 (Bathymetric Point),,,,,21594,0.1,2,2,341852344.602747,4,-21.682,40 (Bathymetric Point),,,,,21594,0.1,2,2,341852344.602747,4
590936.361,2871193.868,-21.644,40 (Bathymetric Point),,,,,20270,0.1,2,2,341852344.602847,4,-21.644,40 (Bathymetric Point),,,,,20270,0.1,2,2,341852344.602847,4
590936.053,2871196.381,-21.802,40 (Bathymetric Point),,,,,22570,0.1,2,2,341852344.602947,4,-21.802,40 (Bathymetric Point),,,,,22570,0.1,2,2,341852344.602947,4
