X,Y,ELEVATION,CLASS,SYNTHETIC,KEY_POINT,WITHHELD,OVERLAP,INTENSITY,SCAN_ANGLE,RETURN_CNT,RETURN_NUM,GPS_TIME,SOURCE_ID,ELEVATION,CLASS,SYNTHETIC,KEY_POINT,WITHHELD,OVERLAP,INTENSITY,SCAN_ANGLE,RETURN_CNT,RETURN_NUM,GPS_TIME,SOURCE_ID
590933.301,2871184.370,-21.849,9 (Water),,,,,36338,,2,2,515476.026960,85,-21.849,9 (Water),,,,,36338,,2,2,515476.026960,85
590938.053,2871186.433,-21.905,9 (Water),,,,,35969,,3,3,515476.066928,85,-21.905,9 (Water),,,,,35969,,3,3,515476.066928,85
590936.141,2871189.352,-21.896,9 (Water),,,,,36270,,3,3,515476.066978,85,-21.896,9 (Water),,,,,36270,,3,3,515476.066978,85
590934.221,2871192.255,-22.006,9 (Water),,,,,36194,,3,3,515476.067028,85,-22.006,9 (Water),,,,,36194,,3,3,515476.067028,85
590932.249,2871195.143,-21.891,9 (Water),,,,,36018,,3,3,515476.067078,85,-21.891,9 (Water),,,,,36018,,3,3,515476.067078,85
590930.289,2871198.016,-22.035,9 (Water),,,,,36262,,3,3,515476.067128,85,-22.035,9 (Water),,,,,36262,,3,3,515476.067128,85
590935.057,2871200.263,-21.87,9 (Water),,,,,36292,,3,3,515476.107096,85,-21.87,9 (Water),,,,,36292,,3,3,515476.107096,85
590933.079,2871203.129,-21.949,9 (Water),,,,,36093,,3,3,515476.107146,85,-21.949,9 (Water),,,,,36093,,3,3,515476.107146,85
590931.090,2871205.979,-22.111,9 (Water),,,,,36135,,3,3,515476.107196,85,-22.111,9 (Water),,,,,36135,,3,3,515476.107196,85
590929.050,2871208.813,-22.047,9 (Water),,,,,36059,,3,3,515476.107246,85,-22.047,9 (Water),,,,,36059,,3,3,515476.107246,85
590931.862,2871213.828,-22.074,9 (Water),,,,,35844,,3,3,515476.147265,85,-22.074,9 (Water),,,,,35844,,3,3,515476.147265,85
590929.776,2871216.638,-21.895,9 (Water),,,,,36000,,3,3,515476.147315,85,-21.895,9 (Water),,,,,36000,,3,3,515476.147315,85
590927.704,2871219.432,-21.996,9 (Water),,,,,36176,,3,3,515476.147365,85,-21.996,9 (Water),,,,,36176,,3,3,515476.147365,85
590925.607,2871222.210,-22.076,9 (Water),,,,,35737,,3,3,515476.147415,85,-22.076,9 (Water),,,,,35737,,3,3,515476.147415,85
590927.860,2871222.795,-22.079,9 (Water),,,,,36458,,3,3,515485.763984,80,-22.079,9 (Water),,,,,36458,,3,3,515485.763984,80
590928.131,2871219.355,-22.074,9 (Water),,,,,36346,,3,3,515485.764034,80,-22.074,9 (Water),,,,,36346,,3,3,515485.764034,80
590928.425,2871215.919,-22.122,9 (Water),,,,,36379,,3,3,515485.764084,80,-22.122,9 (Water),,,,,36379,,3,3,515485.764084,80
590928.747,2871212.485,-22.155,9 (Water),,,,,36840,,3,3,515485.764134,80,-22.155,9 (Water),,,,,36840,,3,3,515485.764134,80
590929.100,2871209.051,-22.117,9 (Water),,,,,36595,,3,3,515485.764184,81,-22.117,9 (Water),,,,,36595,,3,3,515485.764184,81
590929.479,2871205.622,-22.097,9 (Water),,,,,36238,,3,3,515485.764233,81,-22.097,9 (Water),,,,,36238,,3,3,515485.764233,81
590929.881,2871202.197,-22.126,9 (Water),,,,,36487,,3,3,515485.764283,81,-22.126,9 (Water),,,,,36487,,3,3,515485.764283,81
590930.313,2871198.774,-22.099,9 (Water),,,,,36354,,3,3,515485.764333,81,-22.099,9 (Water),,,,,36354,,3,3,515485.764333,81
590930.772,2871195.354,-22.056,9 (Water),,,,,36251,,3,3,515485.764383,81,-22.056,9 (Water),,,,,36251,,3,3,515485.764383,81
590931.253,2871191.939,-22.106,9 (Water),,,,,36690,,3,3,515485.764432,81,-22.106,9 (Water),,,,,36690,,3,3,515485.764432,81
590931.764,2871188.527,-22.087,9 (Water),,,,,36359,,3,3,515485.764482,81,-22.087,9 (Water),,,,,36359,,3,3,515485.764482,81
590932.304,2871185.119,-22.019,9 (Water),,,,,36246,,3,3,515485.764532,81,-22.019,9 (Water),,,,,36246,,3,3,515485.764532,81
590931.773,2871220.600,-22.037,9 (Water),,,,,36433,,3,3,515485.804051,80,-22.037,9 (Water),,,,,36433,,3,3,515485.804051,80
590932.078,2871217.164,-22.04,9 (Water),,,,,36449,,3,3,515485.804101,80,-22.04,9 (Water),,,,,36449,,3,3,515485.804101,80
590932.406,2871213.731,-22.087,9 (Water),,,,,36557,,3,3,515485.804150,81,-22.087,9 (Water),,,,,36557,,3,3,515485.804150,81
590932.760,2871210.301,-22.161,9 (Water),,,,,36354,,3,3,515485.804200,81,-22.161,9 (Water),,,,,36354,,3,3,515485.804200,81
590933.148,2871206.871,-22.091,9 (Water),,,,,36300,,3,3,515485.804250,81,-22.091,9 (Water),,,,,36300,,3,3,515485.804250,81
590933.556,2871203.447,-22.137,9 (Water),,,,,36449,,3,3,515485.804300,81,-22.137,9 (Water),,,,,36449,,3,3,515485.804300,81
590933.996,2871200.024,-22.082,9 (Water),,,,,36238,,3,3,515485.804350,81,-22.082,9 (Water),,,,,36238,,3,3,515485.804350,81
590934.461,2871196.606,-22.069,9 (Water),,,,,36372,,3,3,515485.804399,81,-22.069,9 (Water),,,,,36372,,3,3,515485.804399,81
590934.953,2871193.191,-22.036,9 (Water),,,,,36474,,3,3,515485.804449,81,-22.036,9 (Water),,,,,36474,,3,3,515485.804449,81
590935.473,2871189.779,-21.986,9 (Water),,,,,36410,,3,3,515485.804499,81,-21.986,9 (Water),,,,,36410,,3,3,515485.804499,81
590936.022,2871186.372,-21.884,9 (Water),,,,,36460,,3,3,515485.804549,81,-21.884,9 (Water),,,,,36460,,3,3,515485.804549,81
