X,Y,ELEVATION,CLASS,SYNTHETIC,KEY_POINT,WITHHELD,OVERLAP,INTENSITY,SCAN_ANGLE,RETURN_CNT,RETURN_NUM,GPS_TIME,SOURCE_ID,ELEVATION,CLASS,SYNTHETIC,KEY_POINT,WITHHELD,OVERLAP,INTENSITY,SCAN_ANGLE,RETURN_CNT,RETURN_NUM,GPS_TIME,SOURCE_ID
591465.727,2870947.961,-30.081,40 (Bathymetric Point),,,,,37866,0.1,2,2,341851077.165050,1,-30.081,40 (Bathymetric Point),,,,,37866,0.1,2,2,341851077.165050,1
591465.337,2870942.210,-30.046,40 (Bathymetric Point),,,,,33757,0.1,2,2,341851077.201853,1,-30.046,40 (Bathymetric Point),,,,,33757,0.1,2,2,341851077.201853,1
591464.489,2870944.619,-30.039,40 (Bathymetric Point),,,,,36038,0.1,2,2,341851077.201953,1,-30.039,40 (Bathymetric Point),,,,,36038,0.1,2,2,341851077.201953,1
591463.631,2870947.038,-30.129,40 (Bathymetric Point),,,,,38613,0.1,2,2,341851077.202053,1,-30.129,40 (Bathymetric Point),,,,,38613,0.1,2,2,341851077.202053,1
591464.149,2870938.824,-30.208,40 (Bathymetric Point),,,,,38685,0.1,2,2,341851077.238756,1,-30.208,40 (Bathymetric Point),,,,,38685,0.1,2,2,341851077.238756,1
591463.241,2870941.243,-30.155,40 (Bathymetric Point),,,,,38856,0.1,2,2,341851077.238856,1,-30.155,40 (Bathymetric Point),,,,,38856,0.1,2,2,341851077.238856,1
591462.403,2870943.652,-30.048,40 (Bathymetric Point),,,,,34517,0.1,2,2,341851077.238956,1,-30.048,40 (Bathymetric Point),,,,,34517,0.1,2,2,341851077.238956,1
591461.535,2870946.082,-30.107,40 (Bathymetric Point),,,,,42047,0.1,2,2,341851077.239056,1,-30.107,40 (Bathymetric Point),,,,,42047,0.1,2,2,341851077.239056,1
591463.050,2870935.582,-30.263,40 (Bathymetric Point),,,,,39360,0.1,2,2,341851077.275659,1,-30.263,40 (Bathymetric Point),,,,,39360,0.1,2,2,341851077.275659,1
591462.032,2870937.978,-30.209,40 (Bathymetric Point),,,,,39059,0.1,2,2,341851077.275759,1,-30.209,40 (Bathymetric Point),,,,,39059,0.1,2,2,341851077.275759,1
591461.204,2870940.387,-30.055,40 (Bathymetric Point),,,,,37126,0.1,2,2,341851077.275859,1,-30.055,40 (Bathymetric Point),,,,,37126,0.1,2,2,341851077.275859,1
591460.306,2870942.784,-30.08,40 (Bathymetric Point),,,,,37899,0.1,2,2,341851077.275959,1,-30.08,40 (Bathymetric Point),,,,,37899,0.1,2,2,341851077.275959,1
591462.072,2870932.286,-30.225,40 (Bathymetric Point),,,,,37774,0.1,2,2,341851077.312562,1,-30.225,40 (Bathymetric Point),,,,,37774,0.1,2,2,341851077.312562,1
591461.064,2870934.649,-30.161,40 (Bathymetric Point),,,,,40887,0.1,2,2,341851077.312662,1,-30.161,40 (Bathymetric Point),,,,,40887,0.1,2,2,341851077.312662,1
591460.136,2870937.046,-30.094,40 (Bathymetric Point),,,,,40219,0.1,2,2,341851077.312762,1,-30.094,40 (Bathymetric Point),,,,,40219,0.1,2,2,341851077.312762,1
591459.089,2870939.387,-30.169,40 (Bathymetric Point),,,,,38692,0.1,2,2,341851077.312862,1,-30.169,40 (Bathymetric Point),,,,,38692,0.1,2,2,341851077.312862,1
591461.144,2870928.990,-30.23,40 (Bathymetric Point),,,,,38476,0.1,2,2,341851077.349465,1,-30.23,40 (Bathymetric Point),,,,,38476,0.1,2,2,341851077.349465,1
591460.106,2870931.353,-30.139,40 (Bathymetric Point),,,,,37951,0.1,2,2,341851077.349565,1,-30.139,40 (Bathymetric Point),,,,,37951,0.1,2,2,341851077.349565,1
591459.148,2870933.705,-30.036,40 (Bathymetric Point),,,,,40127,0.1,2,2,341851077.349665,1,-30.036,40 (Bathymetric Point),,,,,40127,0.1,2,2,341851077.349665,1
591458.091,2870936.035,-30.096,40 (Bathymetric Point),,,,,42631,0.1,2,2,341851077.349765,1,-30.096,40 (Bathymetric Point),,,,,42631,0.1,2,2,341851077.349765,1
591460.435,2870925.862,-30.169,40 (Bathymetric Point),,,,,39636,0.1,2,2,341851077.386368,1,-30.169,40 (Bathymetric Point),,,,,39636,0.1,2,2,341851077.386368,1
591459.277,2870928.157,-30.187,40 (Bathymetric Point),,,,,39668,0.1,2,2,341851077.386468,1,-30.187,40 (Bathymetric Point),,,,,39668,0.1,2,2,341851077.386468,1
591458.220,2870930.487,-30.029,40 (Bathymetric Point),,,,,34910,0.1,2,2,341851077.386568,1,-30.029,40 (Bathymetric Point),,,,,34910,0.1,2,2,341851077.386568,1
591459.656,2870922.655,-30.227,40 (Bathymetric Point),,,,,41772,0.1,2,2,341851077.423271,1,-30.227,40 (Bathymetric Point),,,,,41772,0.1,2,2,341851077.423271,1
591458.468,2870924.940,-30.124,40 (Bathymetric Point),,,,,36647,0.1,2,2,341851077.423371,1,-30.124,40 (Bathymetric Point),,,,,36647,0.1,2,2,341851077.423371,1
591457.291,2870927.202,-30.144,40 (Bathymetric Point),,,,,38921,0.1,2,2,341851077.423471,1,-30.144,40 (Bathymetric Point),,,,,38921,0.1,2,2,341851077.423471,1
591459.007,2870919.538,-30.163,40 (Bathymetric Point),,,,,39301,0.1,2,2,341851077.460174,1,-30.163,40 (Bathymetric Point),,,,,39301,0.1,2,2,341851077.460174,1
591457.730,2870921.767,-30.141,40 (Bathymetric Point),,,,,40776,0.1,2,2,341851077.460274,1,-30.141,40 (Bathymetric Point),,,,,40776,0.1,2,2,341851077.460274,1
591456.492,2870924.007,-30.12,40 (Bathymetric Point),,,,,39563,0.1,2,2,341851077.460374,1,-30.12,40 (Bathymetric Point),,,,,39563,0.1,2,2,341851077.460374,1
591458.487,2870916.489,-30.179,40 (Bathymetric Point),,,,,41641,0.1,2,2,341851077.497076,1,-30.179,40 (Bathymetric Point),,,,,41641,0.1,2,2,341851077.497076,1
591457.170,2870918.695,-30.117,40 (Bathymetric Point),,,,,39963,0.1,2,2,341851077.497176,1,-30.117,40 (Bathymetric Point),,,,,39963,0.1,2,2,341851077.497176,1
591455.853,2870920.901,-30.131,40 (Bathymetric Point),,,,,41031,0.1,2,2,341851077.497276,1,-30.131,40 (Bathymetric Point),,,,,41031,0.1,2,2,341851077.497276,1
591458.008,2870913.373,-30.119,40 (Bathymetric Point),,,,,39622,0.1,2,2,341851077.533979,1,-30.119,40 (Bathymetric Point),,,,,39622,0.1,2,2,341851077.533979,1
591456.632,2870915.546,-30.049,40 (Bathymetric Point),,,,,40402,0.1,2,2,341851077.534079,1,-30.049,40 (Bathymetric Point),,,,,40402,0.1,2,2,341851077.534079,1
591455.285,2870917.707,-30.01,40 (Bathymetric Point),,,,,40035,0.1,2,2,341851077.534179,1,-30.01,40 (Bathymetric Point),,,,,40035,0.1,2,2,341851077.534179,1
591457.530,2870910.225,-30.213,40 (Bathymetric Point),,,,,44066,0.1,2,2,341851077.570882,1,-30.213,40 (Bathymetric Point),,,,,44066,0.1,2,2,341851077.570882,1
591456.123,2870912.386,-30.089,40 (Bathymetric Point),,,,,41326,0.1,2,2,341851077.570982,1,-30.089,40 (Bathymetric Point),,,,,41326,0.1,2,2,341851077.570982,1
591454.706,2870914.524,-30.05,40 (Bathymetric Point),,,,,40127,0.1,2,2,341851077.571082,1,-30.05,40 (Bathymetric Point),,,,,40127,0.1,2,2,341851077.571082,1
591457.181,2870907.165,-30.31,40 (Bathymetric Point),,,,,41300,0.1,2,2,341851077.607785,1,-30.31,40 (Bathymetric Point),,,,,41300,0.1,2,2,341851077.607785,1
591455.784,2870909.293,-30.076,40 (Bathymetric Point),,,,,41208,0.1,2,2,341851077.607885,1,-30.076,40 (Bathymetric Point),,,,,41208,0.1,2,2,341851077.607885,1
591454.347,2870911.432,-29.993,40 (Bathymetric Point),,,,,40094,0.1,2,2,341851077.607985,1,-29.993,40 (Bathymetric Point),,,,,40094,0.1,2,2,341851077.607985,1
591457.022,2870904.118,-30.141,40 (Bathymetric Point),,,,,44282,0.1,2,2,341851077.644688,1,-30.141,40 (Bathymetric Point),,,,,44282,0.1,2,2,341851077.644688,1
591455.476,2870906.157,-30.062,40 (Bathymetric Point),,,,,40547,0.1,2,2,341851077.644788,1,-30.062,40 (Bathymetric Point),,,,,40547,0.1,2,2,341851077.644788,1
591453.939,2870908.217,-30.038,40 (Bathymetric Point),,,,,42054,0.1,2,2,341851077.644888,1,-30.038,40 (Bathymetric Point),,,,,42054,0.1,2,2,341851077.644888,1
591452.453,2870910.311,-30.112,40 (Bathymetric Point),,,,,40134,0.1,2,2,341851077.644988,1,-30.112,40 (Bathymetric Point),,,,,40134,0.1,2,2,341851077.644988,1
591455.326,2870903.209,-29.944,40 (Bathymetric Point),,,,,41169,0.1,2,2,341851077.681691,1,-29.944,40 (Bathymetric Point),,,,,41169,0.1,2,2,341851077.681691,1
591453.690,2870905.192,-30.042,40 (Bathymetric Point),,,,,41018,0.1,2,2,341851077.681791,1,-30.042,40 (Bathymetric Point),,,,,41018,0.1,2,2,341851077.681791,1
591452.064,2870907.218,-30.152,40 (Bathymetric Point),,,,,40409,0.1,2,2,341851077.681891,1,-30.152,40 (Bathymetric Point),,,,,40409,0.1,2,2,341851077.681891,1
591455.057,2870900.084,-30.094,40 (Bathymetric Point),,,,,38718,0.1,2,2,341851077.718594,1,-30.094,40 (Bathymetric Point),,,,,38718,0.1,2,2,341851077.718594,1
591453.501,2870902.078,-30.007,40 (Bathymetric Point),,,,,41621,0.1,2,2,341851077.718694,1,-30.007,40 (Bathymetric Point),,,,,41621,0.1,2,2,341851077.718694,1
591451.905,2870904.072,-30.024,40 (Bathymetric Point),,,,,38521,0.1,2,2,341851077.718794,1,-30.024,40 (Bathymetric Point),,,,,38521,0.1,2,2,341851077.718794,1
591455.008,2870897.049,-30.16,40 (Bathymetric Point),,,,,43489,0.1,2,2,341851077.755497,1,-30.16,40 (Bathymetric Point),,,,,43489,0.1,2,2,341851077.755497,1
591453.363,2870899.009,-30.031,40 (Bathymetric Point),,,,,38829,0.1,2,2,341851077.755597,1,-30.031,40 (Bathymetric Point),,,,,38829,0.1,2,2,341851077.755597,1
591451.697,2870900.969,-30.061,40 (Bathymetric Point),,,,,43017,0.1,2,2,341851077.755697,1,-30.061,40 (Bathymetric Point),,,,,43017,0.1,2,2,341851077.755697,1
591453.403,2870896.096,-30.071,40 (Bathymetric Point),,,,,38331,0.1,2,2,341851077.792500,1,-30.071,40 (Bathymetric Point),,,,,38331,0.1,2,2,341851077.792500,1
591451.617,2870898.022,-30.088,40 (Bathymetric Point),,,,,38390,0.1,2,2,341851077.792600,1,-30.088,40 (Bathymetric Point),,,,,38390,0.1,2,2,341851077.792600,1
591453.354,2870893.061,-30.185,40 (Bathymetric Point),,,,,41346,0.1,2,2,341851077.829403,1,-30.185,40 (Bathymetric Point),,,,,41346,0.1,2,2,341851077.829403,1
591451.619,2870894.965,-30.023,40 (Bathymetric Point),,,,,43233,0.1,2,2,341851077.829503,1,-30.023,40 (Bathymetric Point),,,,,43233,0.1,2,2,341851077.829503,1
591449.813,2870896.858,-30.198,40 (Bathymetric Point),,,,,41464,0.1,2,2,341851077.829603,1,-30.198,40 (Bathymetric Point),,,,,41464,0.1,2,2,341851077.829603,1
591453.515,2870890.105,-30.072,40 (Bathymetric Point),,,,,39098,0.1,2,2,341851077.866306,1,-30.072,40 (Bathymetric Point),,,,,39098,0.1,2,2,341851077.866306,1
591451.700,2870891.909,-30.13,40 (Bathymetric Point),,,,,40238,0.1,2,2,341851077.866406,1,-30.13,40 (Bathymetric Point),,,,,40238,0.1,2,2,341851077.866406,1
591449.895,2870893.746,-30.206,40 (Bathymetric Point),,,,,42329,0.1,2,2,341851077.866506,1,-30.206,40 (Bathymetric Point),,,,,42329,0.1,2,2,341851077.866506,1
591451.940,2870889.064,-30.125,40 (Bathymetric Point),,,,,40671,0.1,2,2,341851077.903309,1,-30.125,40 (Bathymetric Point),,,,,40671,0.1,2,2,341851077.903309,1
591450.095,2870890.868,-30.197,40 (Bathymetric Point),,,,,43391,0.1,2,2,341851077.903409,1,-30.197,40 (Bathymetric Point),,,,,43391,0.1,2,2,341851077.903409,1
591452.160,2870886.219,-30.233,40 (Bathymetric Point),,,,,42840,0.1,2,2,341851077.940212,1,-30.233,40 (Bathymetric Point),,,,,42840,0.1,2,2,341851077.940212,1
591450.225,2870887.978,-30.265,40 (Bathymetric Point),,,,,46831,0.1,2,2,341851077.940312,1,-30.265,40 (Bathymetric Point),,,,,46831,0.1,2,2,341851077.940312,1
591448.480,2870889.815,-30.116,40 (Bathymetric Point),,,,,43404,0.1,2,2,341851077.940412,1,-30.116,40 (Bathymetric Point),,,,,43404,0.1,2,2,341851077.940412,1
591450.736,2870885.057,-30.086,40 (Bathymetric Point),,,,,43083,0.1,2,2,341851077.977215,1,-30.086,40 (Bathymetric Point),,,,,43083,0.1,2,2,341851077.977215,1
591448.812,2870886.750,-30.143,40 (Bathymetric Point),,,,,45527,0.1,2,2,341851077.977315,1,-30.143,40 (Bathymetric Point),,,,,45527,0.1,2,2,341851077.977315,1
591451.117,2870882.247,-30.126,40 (Bathymetric Point),,,,,40022,0.1,2,2,341851078.014118,1,-30.126,40 (Bathymetric Point),,,,,40022,0.1,2,2,341851078.014118,1
591449.172,2870883.950,-30.132,40 (Bathymetric Point),,,,,41510,0.1,2,2,341851078.014218,1,-30.132,40 (Bathymetric Point),,,,,41510,0.1,2,2,341851078.014218,1
591447.258,2870885.676,-30.117,40 (Bathymetric Point),,,,,44806,0.1,2,2,341851078.014318,1,-30.117,40 (Bathymetric Point),,,,,44806,0.1,2,2,341851078.014318,1
591451.516,2870879.459,-30.233,40 (Bathymetric Point),,,,,43758,0.1,2,2,341851078.051021,1,-30.233,40 (Bathymetric Point),,,,,43758,0.1,2,2,341851078.051021,1
591449.632,2870881.229,-30.021,40 (Bathymetric Point),,,,,42218,0.1,2,2,341851078.051121,1,-30.021,40 (Bathymetric Point),,,,,42218,0.1,2,2,341851078.051121,1
591447.648,2870882.876,-30.101,40 (Bathymetric Point),,,,,44085,0.1,2,2,341851078.051221,1,-30.101,40 (Bathymetric Point),,,,,44085,0.1,2,2,341851078.051221,1
591448.187,2870880.144,-30.061,40 (Bathymetric Point),,,,,41412,0.1,2,2,341851078.088124,1,-30.061,40 (Bathymetric Point),,,,,41412,0.1,2,2,341851078.088124,1
591446.213,2870881.803,-30.142,40 (Bathymetric Point),,,,,43391,0.1,2,2,341851078.088224,1,-30.142,40 (Bathymetric Point),,,,,43391,0.1,2,2,341851078.088224,1
591450.771,2870880.118,-30.063,40 (Bathymetric Point),,,,,44538,0.1,2,2,341851080.748737,1,-30.063,40 (Bathymetric Point),,,,,44538,0.1,2,2,341851080.748737,1
591451.400,2870883.246,-30.057,40 (Bathymetric Point),,,,,40356,0.1,2,2,341851080.785640,1,-30.057,40 (Bathymetric Point),,,,,40356,0.1,2,2,341851080.785640,1
591449.247,2870881.824,-29.981,40 (Bathymetric Point),,,,,51452,0.1,2,2,341851080.785740,1,-29.981,40 (Bathymetric Point),,,,,51452,0.1,2,2,341851080.785740,1
591447.074,2870880.391,-30.078,40 (Bathymetric Point),,,,,51229,0.1,2,2,341851080.785840,1,-30.078,40 (Bathymetric Point),,,,,51229,0.1,2,2,341851080.785840,1
591451.818,2870886.538,-30.008,40 (Bathymetric Point),,,,,43299,0.1,2,2,341851080.822542,1,-30.008,40 (Bathymetric Point),,,,,43299,0.1,2,2,341851080.822542,1
591449.715,2870885.028,-30.074,40 (Bathymetric Point),,,,,42028,0.1,2,2,341851080.822642,1,-30.074,40 (Bathymetric Point),,,,,42028,0.1,2,2,341851080.822642,1
591447.583,2870883.573,-30.068,40 (Bathymetric Point),,,,,51956,0.1,2,2,341851080.822742,1,-30.068,40 (Bathymetric Point),,,,,51956,0.1,2,2,341851080.822742,1
591454.246,2870891.561,-30.01,40 (Bathymetric Point),,,,,43987,0.1,2,2,341851080.859345,1,-30.01,40 (Bathymetric Point),,,,,43987,0.1,2,2,341851080.859345,1
591452.234,2870889.930,-30.146,40 (Bathymetric Point),,,,,46635,0.1,2,2,341851080.859445,1,-30.146,40 (Bathymetric Point),,,,,46635,0.1,2,2,341851080.859445,1
591450.132,2870888.420,-30.103,40 (Bathymetric Point),,,,,44878,0.1,2,2,341851080.859545,1,-30.103,40 (Bathymetric Point),,,,,44878,0.1,2,2,341851080.859545,1
591448.070,2870886.866,-30.213,40 (Bathymetric Point),,,,,45134,0.1,2,2,341851080.859645,1,-30.213,40 (Bathymetric Point),,,,,45134,0.1,2,2,341851080.859645,1
591454.602,2870895.064,-30.124,40 (Bathymetric Point),,,,,46445,0.1,2,2,341851080.896248,1,-30.124,40 (Bathymetric Point),,,,,46445,0.1,2,2,341851080.896248,1
591452.590,2870893.455,-30.145,40 (Bathymetric Point),,,,,59899,0.1,2,2,341851080.896348,1,-30.145,40 (Bathymetric Point),,,,,59899,0.1,2,2,341851080.896348,1
591450.559,2870891.857,-30.098,40 (Bathymetric Point),,,,,52166,0.1,2,2,341851080.896448,1,-30.098,40 (Bathymetric Point),,,,,52166,0.1,2,2,341851080.896448,1
591448.427,2870890.336,-29.906,40 (Bathymetric Point),,,,,52408,0.1,2,2,341851080.896548,1,-29.906,40 (Bathymetric Point),,,,,52408,0.1,2,2,341851080.896548,1
591454.838,2870898.499,-30.185,40 (Bathymetric Point),,,,,63949,0.1,2,2,341851080.933151,1,-30.185,40 (Bathymetric Point),,,,,63949,0.1,2,2,341851080.933151,1
591452.796,2870896.912,-30.032,40 (Bathymetric Point),,,,,48260,0.1,2,2,341851080.933251,1,-30.032,40 (Bathymetric Point),,,,,48260,0.1,2,2,341851080.933251,1
591450.765,2870895.292,-29.924,40 (Bathymetric Point),,,,,50849,0.1,2,2,341851080.933351,1,-29.924,40 (Bathymetric Point),,,,,50849,0.1,2,2,341851080.933351,1
591448.734,2870893.694,-29.911,40 (Bathymetric Point),,,,,46969,0.1,2,2,341851080.933451,1,-29.911,40 (Bathymetric Point),,,,,46969,0.1,2,2,341851080.933451,1
591456.811,2870904.150,-29.97,40 (Bathymetric Point),,,,,65535,0.1,2,2,341851080.969954,1,-29.97,40 (Bathymetric Point),,,,,65535,0.1,2,2,341851080.969954,1
591454.831,2870902.442,-29.829,40 (Bathymetric Point),,,,,58287,0.1,2,2,341851080.970054,1,-29.829,40 (Bathymetric Point),,,,,58287,0.1,2,2,341851080.970054,1
591452.971,2870900.657,-30.082,40 (Bathymetric Point),,,,,61970,0.1,2,2,341851080.970154,1,-30.082,40 (Bathymetric Point),,,,,61970,0.1,2,2,341851080.970154,1
591451.010,2870898.982,-30.02,40 (Bathymetric Point),,,,,52284,0.1,2,2,341851080.970254,1,-30.02,40 (Bathymetric Point),,,,,52284,0.1,2,2,341851080.970254,1
591456.845,2870907.971,-29.977,40 (Bathymetric Point),,,,,65535,0.1,2,2,341851081.006857,1,-29.977,40 (Bathymetric Point),,,,,65535,0.1,2,2,341851081.006857,1
591454.904,2870906.208,-30.087,40 (Bathymetric Point),,,,,65535,0.1,2,2,341851081.006957,1,-30.087,40 (Bathymetric Point),,,,,65535,0.1,2,2,341851081.006957,1
591453.125,2870904.390,-30.127,40 (Bathymetric Point),,,,,60810,0.1,2,2,341851081.007057,1,-30.127,40 (Bathymetric Point),,,,,60810,0.1,2,2,341851081.007057,1
591451.204,2870902.660,-30.054,40 (Bathymetric Point),,,,,64211,0.1,2,2,341851081.007157,1,-30.054,40 (Bathymetric Point),,,,,64211,0.1,2,2,341851081.007157,1
591458.538,2870913.499,-30.168,40 (Bathymetric Point),,,,,65535,0.1,2,2,341851081.043660,1,-30.168,40 (Bathymetric Point),,,,,65535,0.1,2,2,341851081.043660,1
591456.759,2870911.626,-30.046,40 (Bathymetric Point),,,,,57179,0.1,2,2,341851081.043760,1,-30.046,40 (Bathymetric Point),,,,,57179,0.1,2,2,341851081.043760,1
591454.950,2870909.786,-30.046,40 (Bathymetric Point),,,,,65535,0.1,2,2,341851081.043860,1,-30.046,40 (Bathymetric Point),,,,,65535,0.1,2,2,341851081.043860,1
591453.130,2870907.945,-30.125,40 (Bathymetric Point),,,,,59113,0.1,2,2,341851081.043960,1,-30.125,40 (Bathymetric Point),,,,,59113,0.1,2,2,341851081.043960,1
591460.000,2870919.313,-30.055,40 (Bathymetric Point),,,,,65535,0.1,2,2,341851081.080463,1,-30.055,40 (Bathymetric Point),,,,,65535,0.1,2,2,341851081.080463,1
591458.311,2870917.363,-30.073,40 (Bathymetric Point),,,,,65535,0.1,2,2,341851081.080563,1,-30.073,40 (Bathymetric Point),,,,,65535,0.1,2,2,341851081.080563,1
591456.572,2870915.435,-30.054,40 (Bathymetric Point),,,,,65535,0.1,2,2,341851081.080663,1,-30.054,40 (Bathymetric Point),,,,,65535,0.1,2,2,341851081.080663,1
591454.813,2870913.539,-30.013,40 (Bathymetric Point),,,,,65535,0.1,2,2,341851081.080763,1,-30.013,40 (Bathymetric Point),,,,,65535,0.1,2,2,341851081.080763,1
591453.044,2870911.666,-30.056,40 (Bathymetric Point),,,,,65535,0.1,2,2,341851081.080863,1,-30.056,40 (Bathymetric Point),,,,,65535,0.1,2,2,341851081.080863,1
591461.471,2870925.105,-30.129,40 (Bathymetric Point),,,,,58248,0.1,2,2,341851081.117266,1,-30.129,40 (Bathymetric Point),,,,,58248,0.1,2,2,341851081.117266,1
591459.853,2870923.100,-30.108,40 (Bathymetric Point),,,,,65535,0.1,2,2,341851081.117366,1,-30.108,40 (Bathymetric Point),,,,,65535,0.1,2,2,341851081.117366,1
591458.215,2870921.095,-30.141,40 (Bathymetric Point),,,,,56878,0.1,2,2,341851081.117466,1,-30.141,40 (Bathymetric Point),,,,,56878,0.1,2,2,341851081.117466,1
591456.536,2870919.145,-30.063,40 (Bathymetric Point),,,,,65535,0.1,2,2,341851081.117566,1,-30.063,40 (Bathymetric Point),,,,,65535,0.1,2,2,341851081.117566,1
591454.808,2870917.216,-30.03,40 (Bathymetric Point),,,,,65535,0.1,2,2,341851081.117666,1,-30.03,40 (Bathymetric Point),,,,,65535,0.1,2,2,341851081.117666,1
591462.582,2870930.916,-30.062,40 (Bathymetric Point),,,,,65535,0.1,2,2,341851081.154069,1,-30.062,40 (Bathymetric Point),,,,,65535,0.1,2,2,341851081.154069,1
591461.125,2870928.779,-30.207,40 (Bathymetric Point),,,,,65535,0.1,2,2,341851081.154169,1,-30.207,40 (Bathymetric Point),,,,,65535,0.1,2,2,341851081.154169,1
591459.507,2870926.763,-30.073,40 (Bathymetric Point),,,,,65535,0.1,2,2,341851081.154269,1,-30.073,40 (Bathymetric Point),,,,,65535,0.1,2,2,341851081.154269,1
591457.970,2870924.681,-30.181,40 (Bathymetric Point),,,,,65535,0.1,2,2,341851081.154369,1,-30.181,40 (Bathymetric Point),,,,,65535,0.1,2,2,341851081.154369,1
591456.321,2870922.676,-30.158,40 (Bathymetric Point),,,,,65509,0.1,2,2,341851081.154469,1,-30.158,40 (Bathymetric Point),,,,,65509,0.1,2,2,341851081.154469,1
591454.653,2870920.715,-30.009,40 (Bathymetric Point),,,,,65535,0.1,2,2,341851081.154569,1,-30.009,40 (Bathymetric Point),,,,,65535,0.1,2,2,341851081.154569,1
591463.635,2870936.506,-30.275,40 (Bathymetric Point),,,,,65535,0.1,2,2,341851081.190872,1,-30.275,40 (Bathymetric Point),,,,,65535,0.1,2,2,341851081.190872,1
591462.198,2870934.369,-30.258,40 (Bathymetric Point),,,,,65384,0.1,2,2,341851081.190972,1,-30.258,40 (Bathymetric Point),,,,,65384,0.1,2,2,341851081.190972,1
591460.700,2870932.254,-30.142,40 (Bathymetric Point),,,,,65535,0.1,2,2,341851081.191072,1,-30.142,40 (Bathymetric Point),,,,,65535,0.1,2,2,341851081.191072,1
591459.173,2870930.139,-30.186,40 (Bathymetric Point),,,,,65535,0.1,2,2,341851081.191172,1,-30.186,40 (Bathymetric Point),,,,,65535,0.1,2,2,341851081.191172,1
591457.666,2870928.046,-30.223,40 (Bathymetric Point),,,,,65535,0.1,2,2,341851081.191272,1,-30.223,40 (Bathymetric Point),,,,,65535,0.1,2,2,341851081.191272,1
591456.108,2870925.975,-30.422,40 (Bathymetric Point),,,,,65535,0.1,2,2,341851081.191372,1,-30.422,40 (Bathymetric Point),,,,,65535,0.1,2,2,341851081.191372,1
591465.751,2870944.528,-30.104,40 (Bathymetric Point),,,,,51714,0.1,2,2,341851081.227575,1,-30.104,40 (Bathymetric Point),,,,,51714,0.1,2,2,341851081.227575,1
591464.435,2870942.304,-30.071,40 (Bathymetric Point),,,,,58916,0.1,2,2,341851081.227675,1,-30.071,40 (Bathymetric Point),,,,,58916,0.1,2,2,341851081.227675,1
591463.059,2870940.090,-29.995,40 (Bathymetric Point),,,,,52389,0.1,2,2,341851081.227775,1,-29.995,40 (Bathymetric Point),,,,,52389,0.1,2,2,341851081.227775,1
591461.712,2870937.888,-30.134,40 (Bathymetric Point),,,,,48738,0.1,2,2,341851081.227875,1,-30.134,40 (Bathymetric Point),,,,,48738,0.1,2,2,341851081.227875,1
591460.316,2870935.707,-30.308,40 (Bathymetric Point),,,,,58248,0.1,2,2,341851081.227975,1,-30.308,40 (Bathymetric Point),,,,,58248,0.1,2,2,341851081.227975,1
591458.819,2870933.603,-30.005,40 (Bathymetric Point),,,,,46432,0.1,2,2,341851081.228075,1,-30.005,40 (Bathymetric Point),,,,,46432,0.1,2,2,341851081.228075,1
591457.341,2870931.489,-29.977,40 (Bathymetric Point),,,,,52520,0.1,2,2,341851081.228175,1,-29.977,40 (Bathymetric Point),,,,,52520,0.1,2,2,341851081.228175,1
591464.976,2870948.056,-29.872,40 (Bathymetric Point),,,,,65535,0.1,2,2,341851081.264478,1,-29.872,40 (Bathymetric Point),,,,,65535,0.1,2,2,341851081.264478,1
591463.750,2870945.777,-30.015,40 (Bathymetric Point),,,,,65535,0.1,2,2,341851081.264578,1,-30.015,40 (Bathymetric Point),,,,,65535,0.1,2,2,341851081.264578,1
591462.464,2870943.530,-30.031,40 (Bathymetric Point),,,,,56950,0.1,2,2,341851081.264678,1,-30.031,40 (Bathymetric Point),,,,,56950,0.1,2,2,341851081.264678,1
591461.148,2870941.295,-30.139,40 (Bathymetric Point),,,,,58457,0.1,2,2,341851081.264778,1,-30.139,40 (Bathymetric Point),,,,,58457,0.1,2,2,341851081.264778,1
591459.942,2870939.016,-30.648,40 (Bathymetric Point),,,,,0,0.1,2,2,341851081.264878,1,-30.648,40 (Bathymetric Point),,,,,0,0.1,2,2,341851081.264878,1
591458.395,2870936.912,-30.029,40 (Bathymetric Point),,,,,65535,0.1,2,2,341851081.264978,1,-30.029,40 (Bathymetric Point),,,,,65535,0.1,2,2,341851081.264978,1
591462.975,2870949.172,-29.974,40 (Bathymetric Point),,,,,65535,0.1,2,2,341851081.301481,1,-29.974,40 (Bathymetric Point),,,,,65535,0.1,2,2,341851081.301481,1
591461.780,2870946.882,-29.975,40 (Bathymetric Point),,,,,63241,0.1,2,2,341851081.301581,1,-29.975,40 (Bathymetric Point),,,,,63241,0.1,2,2,341851081.301581,1
591460.474,2870944.624,-30.007,40 (Bathymetric Point),,,,,65535,0.1,2,2,341851081.301681,1,-30.007,40 (Bathymetric Point),,,,,65535,0.1,2,2,341851081.301681,1
591463.198,2870948.774,-30.188,40 (Bathymetric Point),,,,,65535,0.1,2,2,341851638.331190,2,-30.188,40 (Bathymetric Point),,,,,65535,0.1,2,2,341851638.331190,2
591462.073,2870946.452,-30.146,40 (Bathymetric Point),,,,,65535,0.1,2,2,341851638.331290,2,-30.146,40 (Bathymetric Point),,,,,65535,0.1,2,2,341851638.331290,2
591461.028,2870944.107,-30.208,40 (Bathymetric Point),,,,,65535,0.1,2,2,341851638.331390,2,-30.208,40 (Bathymetric Point),,,,,65535,0.1,2,2,341851638.331390,2
591459.853,2870941.818,-30.058,40 (Bathymetric Point),,,,,65535,0.1,2,2,341851638.331490,2,-30.058,40 (Bathymetric Point),,,,,65535,0.1,2,2,341851638.331490,2
591465.521,2870947.340,-30.102,40 (Bathymetric Point),,,,,65535,0.1,2,2,341851638.368293,2,-30.102,40 (Bathymetric Point),,,,,65535,0.1,2,2,341851638.368293,2
591464.416,2870945.039,-29.937,40 (Bathymetric Point),,,,,65535,0.1,2,2,341851638.368393,2,-29.937,40 (Bathymetric Point),,,,,65535,0.1,2,2,341851638.368393,2
591463.321,2870942.717,-29.983,40 (Bathymetric Point),,,,,65535,0.1,2,2,341851638.368493,2,-29.983,40 (Bathymetric Point),,,,,65535,0.1,2,2,341851638.368493,2
591462.226,2870940.394,-30.01,40 (Bathymetric Point),,,,,65535,0.1,2,2,341851638.368593,2,-30.01,40 (Bathymetric Point),,,,,65535,0.1,2,2,341851638.368593,2
591461.040,2870938.116,-29.979,40 (Bathymetric Point),,,,,65535,0.1,2,2,341851638.368693,2,-29.979,40 (Bathymetric Point),,,,,65535,0.1,2,2,341851638.368693,2
591459.754,2870935.902,-29.768,40 (Bathymetric Point),,,,,65535,0.1,2,2,341851638.368793,2,-29.768,40 (Bathymetric Point),,,,,65535,0.1,2,2,341851638.368793,2
591458.568,2870933.613,-29.918,40 (Bathymetric Point),,,,,65535,0.1,2,2,341851638.368893,2,-29.918,40 (Bathymetric Point),,,,,65535,0.1,2,2,341851638.368893,2
591457.362,2870931.367,-29.997,40 (Bathymetric Point),,,,,65535,0.1,2,2,341851638.368993,2,-29.997,40 (Bathymetric Point),,,,,65535,0.1,2,2,341851638.368993,2
591464.589,2870938.949,-30.134,40 (Bathymetric Point),,,,,65535,0.1,2,2,341851638.405696,2,-30.134,40 (Bathymetric Point),,,,,65535,0.1,2,2,341851638.405696,2
591463.443,2870936.648,-30.223,40 (Bathymetric Point),,,,,65535,0.1,2,2,341851638.405796,2,-30.223,40 (Bathymetric Point),,,,,65535,0.1,2,2,341851638.405796,2
591462.187,2870934.424,-30.115,40 (Bathymetric Point),,,,,65535,0.1,2,2,341851638.405896,2,-30.115,40 (Bathymetric Point),,,,,65535,0.1,2,2,341851638.405896,2
591460.941,2870932.178,-30.144,40 (Bathymetric Point),,,,,65535,0.1,2,2,341851638.405996,2,-30.144,40 (Bathymetric Point),,,,,65535,0.1,2,2,341851638.405996,2
591459.585,2870929.998,-29.986,40 (Bathymetric Point),,,,,65535,0.1,2,2,341851638.406096,2,-29.986,40 (Bathymetric Point),,,,,65535,0.1,2,2,341851638.406096,2
591458.268,2870927.796,-30.036,40 (Bathymetric Point),,,,,65535,0.1,2,2,341851638.406196,2,-30.036,40 (Bathymetric Point),,,,,65535,0.1,2,2,341851638.406196,2
591456.852,2870925.626,-29.935,40 (Bathymetric Point),,,,,65535,0.1,2,2,341851638.406296,2,-29.935,40 (Bathymetric Point),,,,,65535,0.1,2,2,341851638.406296,2
591455.485,2870923.479,-30.026,40 (Bathymetric Point),,,,,65535,0.1,2,2,341851638.406396,2,-30.026,40 (Bathymetric Point),,,,,65535,0.1,2,2,341851638.406396,2
591461.868,2870928.519,-30.014,40 (Bathymetric Point),,,,,65535,0.1,2,2,341851638.443199,2,-30.014,40 (Bathymetric Point),,,,,65535,0.1,2,2,341851638.443199,2
591460.562,2870926.305,-30.164,40 (Bathymetric Point),,,,,65535,0.1,2,2,341851638.443299,2,-30.164,40 (Bathymetric Point),,,,,65535,0.1,2,2,341851638.443299,2
591459.235,2870924.114,-30.318,40 (Bathymetric Point),,,,,65535,0.1,2,2,341851638.443399,2,-30.318,40 (Bathymetric Point),,,,,65535,0.1,2,2,341851638.443399,2
591457.818,2870921.989,-30.262,40 (Bathymetric Point),,,,,65535,0.1,2,2,341851638.443499,2,-30.262,40 (Bathymetric Point),,,,,65535,0.1,2,2,341851638.443499,2
591456.401,2870919.853,-30.258,40 (Bathymetric Point),,,,,65535,0.1,2,2,341851638.443599,2,-30.258,40 (Bathymetric Point),,,,,65535,0.1,2,2,341851638.443599,2
591454.763,2870917.847,-29.911,40 (Bathymetric Point),,,,,65535,0.1,2,2,341851638.443699,2,-29.911,40 (Bathymetric Point),,,,,65535,0.1,2,2,341851638.443699,2
591459.971,2870920.531,-30.184,40 (Bathymetric Point),,,,,65535,0.1,2,2,341851638.480602,2,-30.184,40 (Bathymetric Point),,,,,65535,0.1,2,2,341851638.480602,2
591458.464,2870918.460,-30.076,40 (Bathymetric Point),,,,,65535,0.1,2,2,341851638.480702,2,-30.076,40 (Bathymetric Point),,,,,65535,0.1,2,2,341851638.480702,2
591456.966,2870916.390,-30.095,40 (Bathymetric Point),,,,,65535,0.1,2,2,341851638.480802,2,-30.095,40 (Bathymetric Point),,,,,65535,0.1,2,2,341851638.480802,2
591455.418,2870914.341,-30.002,40 (Bathymetric Point),,,,,65535,0.1,2,2,341851638.480902,2,-30.002,40 (Bathymetric Point),,,,,65535,0.1,2,2,341851638.480902,2
591453.840,2870912.314,-29.966,40 (Bathymetric Point),,,,,65535,0.1,2,2,341851638.481002,2,-29.966,40 (Bathymetric Point),,,,,65535,0.1,2,2,341851638.481002,2
591459.160,2870914.832,-29.949,40 (Bathymetric Point),,,,,65535,0.1,2,2,341851638.517905,2,-29.949,40 (Bathymetric Point),,,,,65535,0.1,2,2,341851638.517905,2
591457.562,2870912.794,-29.991,40 (Bathymetric Point),,,,,65535,0.1,2,2,341851638.518005,2,-29.991,40 (Bathymetric Point),,,,,65535,0.1,2,2,341851638.518005,2
591456.024,2870910.757,-30.063,40 (Bathymetric Point),,,,,65535,0.1,2,2,341851638.518105,2,-30.063,40 (Bathymetric Point),,,,,65535,0.1,2,2,341851638.518105,2
591454.376,2870908.796,-29.909,40 (Bathymetric Point),,,,,65535,0.1,2,2,341851638.518205,2,-29.909,40 (Bathymetric Point),,,,,65535,0.1,2,2,341851638.518205,2
591452.818,2870906.780,-30.074,40 (Bathymetric Point),,,,,65535,0.1,2,2,341851638.518305,2,-30.074,40 (Bathymetric Point),,,,,65535,0.1,2,2,341851638.518305,2
591458.158,2870909.188,-30.099,40 (Bathymetric Point),,,,,65535,0.1,2,2,341851638.555208,2,-30.099,40 (Bathymetric Point),,,,,65535,0.1,2,2,341851638.555208,2
591456.590,2870907.172,-30.551,40 (Bathymetric Point),,,,,65535,0.1,2,2,341851638.555308,2,-30.551,40 (Bathymetric Point),,,,,65535,0.1,2,2,341851638.555308,2
591454.831,2870905.288,-30.16,40 (Bathymetric Point),,,,,65535,0.1,2,2,341851638.555408,2,-30.16,40 (Bathymetric Point),,,,,65535,0.1,2,2,341851638.555408,2
591453.142,2870903.360,-30.131,40 (Bathymetric Point),,,,,65535,0.1,2,2,341851638.555508,2,-30.131,40 (Bathymetric Point),,,,,65535,0.1,2,2,341851638.555508,2
591451.423,2870901.454,-30.187,40 (Bathymetric Point),,,,,65535,0.1,2,2,341851638.555608,2,-30.187,40 (Bathymetric Point),,,,,65535,0.1,2,2,341851638.555608,2
591456.983,2870903.874,-30.321,40 (Bathymetric Point),,,,,65535,0.1,2,2,341851638.592511,2,-30.321,40 (Bathymetric Point),,,,,65535,0.1,2,2,341851638.592511,2
591455.254,2870901.968,-30.211,40 (Bathymetric Point),,,,,65535,0.1,2,2,341851638.592611,2,-30.211,40 (Bathymetric Point),,,,,65535,0.1,2,2,341851638.592611,2
591453.465,2870900.139,-30.154,40 (Bathymetric Point),,,,,65535,0.1,2,2,341851638.592711,2,-30.154,40 (Bathymetric Point),,,,,65535,0.1,2,2,341851638.592711,2
591451.675,2870898.311,-30.143,40 (Bathymetric Point),,,,,65535,0.1,2,2,341851638.592811,2,-30.143,40 (Bathymetric Point),,,,,65535,0.1,2,2,341851638.592811,2
591449.846,2870896.492,-30.039,40 (Bathymetric Point),,,,,65535,0.1,2,2,341851638.592911,2,-30.039,40 (Bathymetric Point),,,,,65535,0.1,2,2,341851638.592911,2
591455.517,2870898.803,-30.174,40 (Bathymetric Point),,,,,65535,0.1,2,2,341851638.629814,2,-30.174,40 (Bathymetric Point),,,,,65535,0.1,2,2,341851638.629814,2
591453.707,2870896.973,-30.144,40 (Bathymetric Point),,,,,65535,0.1,2,2,341851638.629914,2,-30.144,40 (Bathymetric Point),,,,,65535,0.1,2,2,341851638.629914,2
591451.908,2870895.156,-30.146,40 (Bathymetric Point),,,,,65535,0.1,2,2,341851638.630014,2,-30.146,40 (Bathymetric Point),,,,,65535,0.1,2,2,341851638.630014,2
591449.987,2870893.459,-29.958,40 (Bathymetric Point),,,,,65535,0.1,2,2,341851638.630114,2,-29.958,40 (Bathymetric Point),,,,,65535,0.1,2,2,341851638.630114,2
591453.890,2870893.807,-30.133,40 (Bathymetric Point),,,,,65535,0.1,2,2,341851638.667117,2,-30.133,40 (Bathymetric Point),,,,,65535,0.1,2,2,341851638.667117,2
591452.019,2870892.044,-30.117,40 (Bathymetric Point),,,,,65535,0.1,2,2,341851638.667217,2,-30.117,40 (Bathymetric Point),,,,,65535,0.1,2,2,341851638.667217,2
591450.139,2870890.303,-30.098,40 (Bathymetric Point),,,,,65535,0.1,2,2,341851638.667317,2,-30.098,40 (Bathymetric Point),,,,,65535,0.1,2,2,341851638.667317,2
591448.218,2870888.606,-30.277,40 (Bathymetric Point),,,,,65535,0.1,2,2,341851638.667417,2,-30.277,40 (Bathymetric Point),,,,,65535,0.1,2,2,341851638.667417,2
591453.991,2870890.762,-30.215,40 (Bathymetric Point),,,,,65535,0.1,2,2,341851638.704320,2,-30.215,40 (Bathymetric Point),,,,,65535,0.1,2,2,341851638.704320,2
591452.101,2870889.021,-30.313,40 (Bathymetric Point),,,,,65535,0.1,2,2,341851638.704420,2,-30.313,40 (Bathymetric Point),,,,,65535,0.1,2,2,341851638.704420,2
591450.180,2870887.335,-30.299,40 (Bathymetric Point),,,,,65535,0.1,2,2,341851638.704520,2,-30.299,40 (Bathymetric Point),,,,,65535,0.1,2,2,341851638.704520,2
591448.149,2870885.693,-30.286,40 (Bathymetric Point),,,,,65535,0.1,2,2,341851638.704620,2,-30.286,40 (Bathymetric Point),,,,,65535,0.1,2,2,341851638.704620,2
591452.031,2870886.108,-30.269,40 (Bathymetric Point),,,,,65535,0.1,2,2,341851638.741623,2,-30.269,40 (Bathymetric Point),,,,,65535,0.1,2,2,341851638.741623,2
591450.000,2870884.465,-30.255,40 (Bathymetric Point),,,,,65535,0.1,2,2,341851638.741723,2,-30.255,40 (Bathymetric Point),,,,,65535,0.1,2,2,341851638.741723,2
591448.039,2870882.823,-30.268,40 (Bathymetric Point),,,,,65535,0.1,2,2,341851638.741823,2,-30.268,40 (Bathymetric Point),,,,,65535,0.1,2,2,341851638.741823,2
591445.997,2870881.248,-30.357,40 (Bathymetric Point),,,,,65535,0.1,2,2,341851638.741923,2,-30.357,40 (Bathymetric Point),,,,,65535,0.1,2,2,341851638.741923,2
591451.880,2870883.260,-30.5,40 (Bathymetric Point),,,,,65535,0.1,2,2,341851638.778826,2,-30.5,40 (Bathymetric Point),,,,,65535,0.1,2,2,341851638.778826,2
591449.808,2870881.739,-30.268,40 (Bathymetric Point),,,,,65535,0.1,2,2,341851638.778926,2,-30.268,40 (Bathymetric Point),,,,,65535,0.1,2,2,341851638.778926,2
591447.847,2870880.164,-30.377,40 (Bathymetric Point),,,,,65535,0.1,2,2,341851638.779026,2,-30.377,40 (Bathymetric Point),,,,,65535,0.1,2,2,341851638.779026,2
591451.598,2870880.755,-30.269,40 (Bathymetric Point),,,,,65535,0.1,2,2,341851638.816029,2,-30.269,40 (Bathymetric Point),,,,,65535,0.1,2,2,341851638.816029,2
591447.772,2870880.883,-30.233,40 (Bathymetric Point),,,,,51904,0.1,2,2,341851641.603752,2,-30.233,40 (Bathymetric Point),,,,,51904,0.1,2,2,341851641.603752,2
591451.294,2870879.823,-30.363,40 (Bathymetric Point),,,,,47146,0.1,2,2,341851641.640755,2,-30.363,40 (Bathymetric Point),,,,,47146,0.1,2,2,341851641.640755,2
591449.488,2870881.715,-30.286,40 (Bathymetric Point),,,,,50639,0.1,2,2,341851641.640855,2,-30.286,40 (Bathymetric Point),,,,,50639,0.1,2,2,341851641.640855,2
591447.713,2870883.585,-30.125,40 (Bathymetric Point),,,,,51720,0.1,2,2,341851641.640955,2,-30.125,40 (Bathymetric Point),,,,,51720,0.1,2,2,341851641.640955,2
591451.064,2870882.579,-30.358,40 (Bathymetric Point),,,,,49282,0.1,2,2,341851641.677958,2,-30.358,40 (Bathymetric Point),,,,,49282,0.1,2,2,341851641.677958,2
591449.329,2870884.494,-30.203,40 (Bathymetric Point),,,,,45042,0.1,2,2,341851641.678058,2,-30.203,40 (Bathymetric Point),,,,,45042,0.1,2,2,341851641.678058,2
591447.513,2870886.331,-30.267,40 (Bathymetric Point),,,,,47100,0.1,2,2,341851641.678158,2,-30.267,40 (Bathymetric Point),,,,,47100,0.1,2,2,341851641.678158,2
591450.975,2870885.303,-30.373,40 (Bathymetric Point),,,,,57120,0.1,2,2,341851641.715161,2,-30.373,40 (Bathymetric Point),,,,,57120,0.1,2,2,341851641.715161,2
591449.269,2870887.251,-30.157,40 (Bathymetric Point),,,,,45363,0.1,2,2,341851641.715261,2,-30.157,40 (Bathymetric Point),,,,,45363,0.1,2,2,341851641.715261,2
591452.631,2870886.145,-30.388,40 (Bathymetric Point),,,,,46045,0.1,2,2,341851641.752264,2,-30.388,40 (Bathymetric Point),,,,,46045,0.1,2,2,341851641.752264,2
591450.906,2870888.082,-30.306,40 (Bathymetric Point),,,,,51393,0.1,2,2,341851641.752364,2,-30.306,40 (Bathymetric Point),,,,,51393,0.1,2,2,341851641.752364,2
591449.180,2870890.008,-30.304,40 (Bathymetric Point),,,,,48057,0.1,2,2,341851641.752464,2,-30.304,40 (Bathymetric Point),,,,,48057,0.1,2,2,341851641.752464,2
591452.481,2870889.057,-30.391,40 (Bathymetric Point),,,,,43961,0.1,2,2,341851641.789467,2,-30.391,40 (Bathymetric Point),,,,,43961,0.1,2,2,341851641.789467,2
591450.845,2870891.083,-30.194,40 (Bathymetric Point),,,,,44577,0.1,2,2,341851641.789567,2,-30.194,40 (Bathymetric Point),,,,,44577,0.1,2,2,341851641.789567,2
591449.109,2870893.010,-30.279,40 (Bathymetric Point),,,,,46497,0.1,2,2,341851641.789667,2,-30.279,40 (Bathymetric Point),,,,,46497,0.1,2,2,341851641.789667,2
591452.511,2870891.970,-30.275,40 (Bathymetric Point),,,,,48443,0.1,2,2,341851641.826670,2,-30.275,40 (Bathymetric Point),,,,,48443,0.1,2,2,341851641.826670,2
591450.854,2870893.985,-30.219,40 (Bathymetric Point),,,,,47008,0.1,2,2,341851641.826770,2,-30.219,40 (Bathymetric Point),,,,,47008,0.1,2,2,341851641.826770,2
591449.249,2870895.946,-30.345,40 (Bathymetric Point),,,,,46143,0.1,2,2,341851641.826870,2,-30.345,40 (Bathymetric Point),,,,,46143,0.1,2,2,341851641.826870,2
591454.226,2870892.979,-30.338,40 (Bathymetric Point),,,,,51812,0.1,2,2,341851641.863773,2,-30.338,40 (Bathymetric Point),,,,,51812,0.1,2,2,341851641.863773,2
591452.639,2870895.028,-30.203,40 (Bathymetric Point),,,,,45783,0.1,2,2,341851641.863873,2,-30.203,40 (Bathymetric Point),,,,,45783,0.1,2,2,341851641.863873,2
591451.014,2870896.999,-30.321,40 (Bathymetric Point),,,,,51399,0.1,2,2,341851641.863973,2,-30.321,40 (Bathymetric Point),,,,,51399,0.1,2,2,341851641.863973,2
591454.245,2870896.014,-30.329,40 (Bathymetric Point),,,,,47225,0.1,2,2,341851641.900976,2,-30.329,40 (Bathymetric Point),,,,,47225,0.1,2,2,341851641.900976,2
591452.678,2870898.063,-30.223,40 (Bathymetric Point),,,,,48686,0.1,2,2,341851641.901076,2,-30.223,40 (Bathymetric Point),,,,,48686,0.1,2,2,341851641.901076,2
591451.082,2870900.101,-30.263,40 (Bathymetric Point),,,,,46897,0.1,2,2,341851641.901176,2,-30.263,40 (Bathymetric Point),,,,,46897,0.1,2,2,341851641.901176,2
591454.434,2870898.994,-30.351,40 (Bathymetric Point),,,,,52952,0.1,2,2,341851641.938179,2,-30.351,40 (Bathymetric Point),,,,,52952,0.1,2,2,341851641.938179,2
591452.827,2870901.099,-30.317,40 (Bathymetric Point),,,,,46261,0.1,2,2,341851641.938279,2,-30.317,40 (Bathymetric Point),,,,,46261,0.1,2,2,341851641.938279,2
591451.281,2870903.159,-30.309,40 (Bathymetric Point),,,,,50174,0.1,2,2,341851641.938379,2,-30.309,40 (Bathymetric Point),,,,,50174,0.1,2,2,341851641.938379,2
591456.129,2870899.970,-30.301,40 (Bathymetric Point),,,,,52369,0.1,2,2,341851641.975282,2,-30.301,40 (Bathymetric Point),,,,,52369,0.1,2,2,341851641.975282,2
591454.583,2870902.030,-30.338,40 (Bathymetric Point),,,,,53522,0.1,2,2,341851641.975382,2,-30.338,40 (Bathymetric Point),,,,,53522,0.1,2,2,341851641.975382,2
591453.106,2870904.157,-30.3,40 (Bathymetric Point),,,,,54066,0.1,2,2,341851641.975482,2,-30.3,40 (Bathymetric Point),,,,,54066,0.1,2,2,341851641.975482,2
591451.720,2870906.296,-30.282,40 (Bathymetric Point),,,,,51982,0.1,2,2,341851641.975582,2,-30.282,40 (Bathymetric Point),,,,,51982,0.1,2,2,341851641.975582,2
591456.308,2870903.050,-30.331,40 (Bathymetric Point),,,,,52474,0.1,2,2,341851642.012485,2,-30.331,40 (Bathymetric Point),,,,,52474,0.1,2,2,341851642.012485,2
591454.802,2870905.155,-30.353,40 (Bathymetric Point),,,,,52769,0.1,2,2,341851642.012585,2,-30.353,40 (Bathymetric Point),,,,,52769,0.1,2,2,341851642.012585,2
591453.445,2870907.305,-30.334,40 (Bathymetric Point),,,,,45167,0.1,2,2,341851642.012685,2,-30.334,40 (Bathymetric Point),,,,,45167,0.1,2,2,341851642.012685,2
591456.677,2870906.110,-30.382,40 (Bathymetric Point),,,,,45304,0.1,2,2,341851642.049688,2,-30.382,40 (Bathymetric Point),,,,,45304,0.1,2,2,341851642.049688,2
591455.170,2870908.270,-30.39,40 (Bathymetric Point),,,,,53162,0.1,2,2,341851642.049788,2,-30.39,40 (Bathymetric Point),,,,,53162,0.1,2,2,341851642.049788,2
591453.773,2870910.464,-30.411,40 (Bathymetric Point),,,,,51615,0.1,2,2,341851642.049888,2,-30.411,40 (Bathymetric Point),,,,,51615,0.1,2,2,341851642.049888,2
591456.946,2870909.279,-30.377,40 (Bathymetric Point),,,,,44970,0.1,2,2,341851642.086891,2,-30.377,40 (Bathymetric Point),,,,,44970,0.1,2,2,341851642.086891,2
591455.569,2870911.485,-30.404,40 (Bathymetric Point),,,,,53470,0.1,2,2,341851642.086991,2,-30.404,40 (Bathymetric Point),,,,,53470,0.1,2,2,341851642.086991,2
591454.301,2870913.746,-30.227,40 (Bathymetric Point),,,,,45127,0.1,2,2,341851642.087091,2,-30.227,40 (Bathymetric Point),,,,,45127,0.1,2,2,341851642.087091,2
591457.384,2870912.461,-30.219,40 (Bathymetric Point),,,,,46792,0.1,2,2,341851642.124094,2,-30.219,40 (Bathymetric Point),,,,,46792,0.1,2,2,341851642.124094,2
591456.117,2870914.656,-30.333,40 (Bathymetric Point),,,,,42768,0.1,2,2,341851642.124194,2,-30.333,40 (Bathymetric Point),,,,,42768,0.1,2,2,341851642.124194,2
591454.859,2870916.973,-30.138,40 (Bathymetric Point),,,,,43764,0.1,2,2,341851642.124294,2,-30.138,40 (Bathymetric Point),,,,,43764,0.1,2,2,341851642.124294,2
591457.882,2870915.654,-30.251,40 (Bathymetric Point),,,,,46137,0.1,2,2,341851642.161297,2,-30.251,40 (Bathymetric Point),,,,,46137,0.1,2,2,341851642.161297,2
591456.615,2870917.916,-30.249,40 (Bathymetric Point),,,,,43489,0.1,2,2,341851642.161397,2,-30.249,40 (Bathymetric Point),,,,,43489,0.1,2,2,341851642.161397,2
591455.387,2870920.211,-30.332,40 (Bathymetric Point),,,,,48660,0.1,2,2,341851642.161497,2,-30.332,40 (Bathymetric Point),,,,,48660,0.1,2,2,341851642.161497,2
591459.698,2870916.664,-30.353,40 (Bathymetric Point),,,,,45324,0.1,2,2,341851642.198400,2,-30.353,40 (Bathymetric Point),,,,,45324,0.1,2,2,341851642.198400,2
591458.460,2870918.948,-30.28,40 (Bathymetric Point),,,,,47323,0.1,2,2,341851642.198500,2,-30.28,40 (Bathymetric Point),,,,,47323,0.1,2,2,341851642.198500,2
591457.263,2870921.243,-30.244,40 (Bathymetric Point),,,,,43528,0.1,2,2,341851642.198600,2,-30.244,40 (Bathymetric Point),,,,,43528,0.1,2,2,341851642.198600,2
591456.095,2870923.561,-30.249,40 (Bathymetric Point),,,,,48856,0.1,2,2,341851642.198700,2,-30.249,40 (Bathymetric Point),,,,,48856,0.1,2,2,341851642.198700,2
591460.276,2870919.946,-30.329,40 (Bathymetric Point),,,,,50777,0.1,2,2,341851642.235603,2,-30.329,40 (Bathymetric Point),,,,,50777,0.1,2,2,341851642.235603,2
591459.118,2870922.264,-30.302,40 (Bathymetric Point),,,,,48830,0.1,2,2,341851642.235703,2,-30.302,40 (Bathymetric Point),,,,,48830,0.1,2,2,341851642.235703,2
591457.950,2870924.571,-30.303,40 (Bathymetric Point),,,,,49695,0.1,2,2,341851642.235803,2,-30.303,40 (Bathymetric Point),,,,,49695,0.1,2,2,341851642.235803,2
591456.873,2870926.922,-30.206,40 (Bathymetric Point),,,,,43260,0.1,2,2,341851642.235903,2,-30.206,40 (Bathymetric Point),,,,,43260,0.1,2,2,341851642.235903,2
591460.943,2870923.296,-30.349,40 (Bathymetric Point),,,,,48837,0.1,2,2,341851642.272806,2,-30.349,40 (Bathymetric Point),,,,,48837,0.1,2,2,341851642.272806,2
591459.795,2870925.636,-30.396,40 (Bathymetric Point),,,,,50436,0.1,2,2,341851642.272906,2,-30.396,40 (Bathymetric Point),,,,,50436,0.1,2,2,341851642.272906,2
591458.747,2870928.021,-30.351,40 (Bathymetric Point),,,,,50167,0.1,2,2,341851642.273006,2,-30.351,40 (Bathymetric Point),,,,,50167,0.1,2,2,341851642.273006,2
591457.779,2870930.406,-30.201,40 (Bathymetric Point),,,,,46287,0.1,2,2,341851642.273106,2,-30.201,40 (Bathymetric Point),,,,,46287,0.1,2,2,341851642.273106,2
591461.700,2870926.690,-30.357,40 (Bathymetric Point),,,,,45901,0.1,2,2,341851642.310009,2,-30.357,40 (Bathymetric Point),,,,,45901,0.1,2,2,341851642.310009,2
591460.643,2870929.064,-30.306,40 (Bathymetric Point),,,,,43758,0.1,2,2,341851642.310109,2,-30.306,40 (Bathymetric Point),,,,,43758,0.1,2,2,341851642.310109,2
591459.665,2870931.449,-30.252,40 (Bathymetric Point),,,,,47913,0.1,2,2,341851642.310209,2,-30.252,40 (Bathymetric Point),,,,,47913,0.1,2,2,341851642.310209,2
591458.687,2870933.857,-30.187,40 (Bathymetric Point),,,,,45888,0.1,2,2,341851642.310309,2,-30.187,40 (Bathymetric Point),,,,,45888,0.1,2,2,341851642.310309,2
591462.548,2870930.129,-30.286,40 (Bathymetric Point),,,,,41497,0.1,2,2,341851642.347212,2,-30.286,40 (Bathymetric Point),,,,,41497,0.1,2,2,341851642.347212,2
591461.520,2870932.515,-30.34,40 (Bathymetric Point),,,,,47919,0.1,2,2,341851642.347312,2,-30.34,40 (Bathymetric Point),,,,,47919,0.1,2,2,341851642.347312,2
591460.602,2870934.934,-30.221,40 (Bathymetric Point),,,,,46536,0.1,2,2,341851642.347412,2,-30.221,40 (Bathymetric Point),,,,,46536,0.1,2,2,341851642.347412,2
591459.633,2870937.364,-30.362,40 (Bathymetric Point),,,,,44577,0.1,2,2,341851642.347512,2,-30.362,40 (Bathymetric Point),,,,,44577,0.1,2,2,341851642.347512,2
591463.465,2870933.591,-30.284,40 (Bathymetric Point),,,,,46792,0.1,2,2,341851642.384415,2,-30.284,40 (Bathymetric Point),,,,,46792,0.1,2,2,341851642.384415,2
591462.497,2870935.988,-30.296,40 (Bathymetric Point),,,,,47251,0.1,2,2,341851642.384515,2,-30.296,40 (Bathymetric Point),,,,,47251,0.1,2,2,341851642.384515,2
591461.589,2870938.418,-30.37,40 (Bathymetric Point),,,,,48699,0.1,2,2,341851642.384615,2,-30.37,40 (Bathymetric Point),,,,,48699,0.1,2,2,341851642.384615,2
591460.700,2870940.849,-30.377,40 (Bathymetric Point),,,,,44446,0.1,2,2,341851642.384715,2,-30.377,40 (Bathymetric Point),,,,,44446,0.1,2,2,341851642.384715,2
591459.922,2870943.313,-30.232,40 (Bathymetric Point),,,,,46019,0.1,2,2,341851642.384815,2,-30.232,40 (Bathymetric Point),,,,,46019,0.1,2,2,341851642.384815,2
591463.524,2870939.418,-30.428,40 (Bathymetric Point),,,,,43692,0.1,2,2,341851642.421717,2,-30.428,40 (Bathymetric Point),,,,,43692,0.1,2,2,341851642.421717,2
591462.736,2870941.893,-30.33,40 (Bathymetric Point),,,,,46163,0.1,2,2,341851642.421817,2,-30.33,40 (Bathymetric Point),,,,,46163,0.1,2,2,341851642.421817,2
591461.898,2870944.346,-30.366,40 (Bathymetric Point),,,,,45193,0.1,2,2,341851642.421918,2,-30.366,40 (Bathymetric Point),,,,,45193,0.1,2,2,341851642.421918,2
591461.109,2870946.810,-30.329,40 (Bathymetric Point),,,,,40317,0.1,2,2,341851642.422018,2,-30.329,40 (Bathymetric Point),,,,,40317,0.1,2,2,341851642.422018,2
591464.671,2870942.915,-30.432,40 (Bathymetric Point),,,,,43915,0.1,2,2,341851642.458920,2,-30.432,40 (Bathymetric Point),,,,,43915,0.1,2,2,341851642.458920,2
591463.893,2870945.379,-30.416,40 (Bathymetric Point),,,,,47795,0.1,2,2,341851642.459020,2,-30.416,40 (Bathymetric Point),,,,,47795,0.1,2,2,341851642.459020,2
591463.215,2870947.888,-30.244,40 (Bathymetric Point),,,,,42971,0.1,2,2,341851642.459120,2,-30.244,40 (Bathymetric Point),,,,,42971,0.1,2,2,341851642.459120,2
591465.928,2870946.445,-30.293,40 (Bathymetric Point),,,,,37342,0.1,2,2,341851642.496123,2,-30.293,40 (Bathymetric Point),,,,,37342,0.1,2,2,341851642.496123,2