X,Y,ELEVATION,CLASS,SYNTHETIC,KEY_POINT,WITHHELD,OVERLAP,INTENSITY,SCAN_ANGLE,RETURN_CNT,RETURN_NUM,GPS_TIME,SOURCE_ID,ELEVATION,CLASS,SYNTHETIC,KEY_POINT,WITHHELD,OVERLAP,INTENSITY,SCAN_ANGLE,RETURN_CNT,RETURN_NUM,GPS_TIME,SOURCE_ID
591458.763,2870936.707,-30.459,9 (Water),,,,,34854,,3,3,515482.779109,85,-30.459,9 (Water),,,,,34854,,3,3,515482.779109,85
591465.169,2870945.003,-30.485,9 (Water),,,,,34759,,3,3,515482.779258,85,-30.485,9 (Water),,,,,34759,,3,3,515482.779258,85
591455.686,2870919.955,-30.328,9 (Water),,,,,34792,,3,3,515482.858899,85,-30.328,9 (Water),,,,,34792,,3,3,515482.858899,85
591457.924,2870922.634,-30.27,9 (Water),,,,,34882,,3,3,515482.858949,85,-30.27,9 (Water),,,,,34882,,3,3,515482.858949,85
591460.166,2870925.320,-30.414,9 (Water),,,,,34833,,3,3,515482.858999,85,-30.414,9 (Water),,,,,34833,,3,3,515482.858999,85
591462.393,2870928.023,-30.605,9 (Water),,,,,34908,,3,3,515482.859048,85,-30.605,9 (Water),,,,,34908,,3,3,515482.859048,85
591452.783,2870910.400,-30.302,9 (Water),,,,,34800,,3,3,515482.898767,85,-30.302,9 (Water),,,,,34800,,3,3,515482.898767,85
591457.375,2870915.671,-30.396,9 (Water),,,,,34783,,3,3,515482.898866,85,-30.396,9 (Water),,,,,34783,,3,3,515482.898866,85
591448.284,2870882.085,-30.558,9 (Water),,,,,34883,,3,3,515488.650706,83,-30.558,9 (Water),,,,,34883,,3,3,515488.650706,83
591451.381,2870880.529,-30.513,9 (Water),,,,,34759,,3,3,515488.650756,83,-30.513,9 (Water),,,,,34759,,3,3,515488.650756,83
591449.984,2870884.323,-30.569,9 (Water),,,,,34887,,3,3,515488.690676,83,-30.569,9 (Water),,,,,34887,,3,3,515488.690676,83
591448.608,2870888.281,-30.509,9 (Water),,,,,34895,,3,3,515488.730597,83,-30.509,9 (Water),,,,,34895,,3,3,515488.730597,83
591451.675,2870886.667,-30.496,9 (Water),,,,,34775,,3,3,515488.730647,83,-30.496,9 (Water),,,,,34775,,3,3,515488.730647,83
591450.267,2870890.526,-30.524,9 (Water),,,,,35047,,3,3,515488.770567,83,-30.524,9 (Water),,,,,35047,,3,3,515488.770567,83
591451.831,2870892.636,-30.468,9 (Water),,,,,34879,,3,3,515488.810536,83,-30.468,9 (Water),,,,,34879,,3,3,515488.810536,83
591450.475,2870896.166,-30.526,9 (Water),,,,,34792,,3,3,515488.850456,83,-30.526,9 (Water),,,,,34792,,3,3,515488.850456,83
591453.500,2870894.479,-30.487,9 (Water),,,,,34975,,3,3,515488.850506,83,-30.487,9 (Water),,,,,34975,,3,3,515488.850506,83
591452.045,2870898.090,-30.364,9 (Water),,,,,34833,,3,3,515488.890424,83,-30.364,9 (Water),,,,,34833,,3,3,515488.890424,83
591450.747,2870901.718,-30.306,9 (Water),,,,,34771,,3,3,515488.930344,83,-30.306,9 (Water),,,,,34771,,3,3,515488.930344,83
591452.532,2870903.792,-30.412,9 (Water),,,,,34979,,3,3,515488.970314,83,-30.412,9 (Water),,,,,34979,,3,3,515488.970314,83
591455.515,2870902.033,-30.371,9 (Water),,,,,34950,,3,3,515488.970364,83,-30.371,9 (Water),,,,,34950,,3,3,515488.970364,83
591454.295,2870905.910,-30.378,9 (Water),,,,,34937,,3,3,515489.010283,83,-30.378,9 (Water),,,,,34937,,3,3,515489.010283,83
591452.986,2870909.792,-30.307,9 (Water),,,,,34887,,3,3,515489.050201,83,-30.307,9 (Water),,,,,34887,,3,3,515489.050201,83
591455.938,2870907.966,-30.499,9 (Water),,,,,34775,,3,3,515489.050251,83,-30.499,9 (Water),,,,,34775,,3,3,515489.050251,83
591453.550,2870915.401,-30.395,9 (Water),,,,,34866,,3,3,515489.130087,83,-30.395,9 (Water),,,,,34866,,3,3,515489.130087,83
591456.465,2870913.528,-30.447,9 (Water),,,,,34870,,3,3,515489.130137,83,-30.447,9 (Water),,,,,34870,,3,3,515489.130137,83
591455.306,2870917.374,-30.473,9 (Water),,,,,34783,,3,3,515489.170054,83,-30.473,9 (Water),,,,,34783,,3,3,515489.170054,83
591458.209,2870915.491,-30.387,9 (Water),,,,,35068,,3,3,515489.170104,83,-30.387,9 (Water),,,,,35068,,3,3,515489.170104,83
591457.012,2870919.146,-30.477,9 (Water),,,,,34878,,3,3,515489.210020,83,-30.477,9 (Water),,,,,34878,,3,3,515489.210020,83
591459.905,2870917.240,-30.514,9 (Water),,,,,34792,,3,3,515489.210070,83,-30.514,9 (Water),,,,,34792,,3,3,515489.210070,83
591455.783,2870922.914,-30.336,9 (Water),,,,,34821,,3,3,515489.249936,83,-30.336,9 (Water),,,,,34821,,3,3,515489.249936,83
591458.651,2870920.965,-30.503,9 (Water),,,,,34792,,3,3,515489.249986,83,-30.503,9 (Water),,,,,34792,,3,3,515489.249986,83
591457.376,2870924.705,-30.435,9 (Water),,,,,34725,,3,3,515489.289901,83,-30.435,9 (Water),,,,,34725,,3,3,515489.289901,83
591460.231,2870922.743,-30.491,9 (Water),,,,,34991,,3,3,515489.289951,83,-30.491,9 (Water),,,,,34991,,3,3,515489.289951,83
591459.007,2870926.220,-30.421,9 (Water),,,,,34775,,3,3,515489.329867,83,-30.421,9 (Water),,,,,34775,,3,3,515489.329867,83
591457.872,2870929.737,-30.344,9 (Water),,,,,34825,,3,3,515489.369783,83,-30.344,9 (Water),,,,,34825,,3,3,515489.369783,83
591460.689,2870927.721,-30.388,9 (Water),,,,,34812,,3,3,515489.369833,83,-30.388,9 (Water),,,,,34812,,3,3,515489.369833,83
591459.553,2870931.128,-30.455,9 (Water),,,,,34833,,3,3,515489.409750,83,-30.455,9 (Water),,,,,34833,,3,3,515489.409750,83
591462.359,2870929.092,-30.625,9 (Water),,,,,34954,,3,3,515489.409799,83,-30.625,9 (Water),,,,,34954,,3,3,515489.409799,83
591458.336,2870934.623,-30.378,9 (Water),,,,,34833,,3,3,515489.449665,83,-30.378,9 (Water),,,,,34833,,3,3,515489.449665,83
591461.113,2870932.553,-30.463,9 (Water),,,,,34857,,3,3,515489.449714,83,-30.463,9 (Water),,,,,34857,,3,3,515489.449714,83
591459.951,2870936.033,-30.459,9 (Water),,,,,34963,,3,3,515489.489630,83,-30.459,9 (Water),,,,,34963,,3,3,515489.489630,83
591462.715,2870933.951,-30.437,9 (Water),,,,,35013,,3,3,515489.489680,83,-30.437,9 (Water),,,,,35013,,3,3,515489.489680,83
591461.461,2870937.359,-30.517,9 (Water),,,,,35072,,3,3,515489.529595,83,-30.517,9 (Water),,,,,35072,,3,3,515489.529595,83
591460.372,2870940.752,-30.619,9 (Water),,,,,34771,,3,3,515489.569512,83,-30.619,9 (Water),,,,,34771,,3,3,515489.569512,83
591463.097,2870938.619,-30.549,9 (Water),,,,,35013,,3,3,515489.569561,83,-30.549,9 (Water),,,,,35013,,3,3,515489.569561,83
591462.039,2870941.903,-30.554,9 (Water),,,,,34887,,3,3,515489.609478,83,-30.554,9 (Water),,,,,34887,,3,3,515489.609478,83
591464.752,2870939.755,-30.506,9 (Water),,,,,34908,,3,3,515489.609528,83,-30.506,9 (Water),,,,,34908,,3,3,515489.609528,83
591461.068,2870945.261,-30.525,9 (Water),,,,,34812,,3,3,515489.649395,83,-30.525,9 (Water),,,,,34812,,3,3,515489.649395,83
591463.754,2870943.076,-30.536,9 (Water),,,,,34967,,3,3,515489.649445,83,-30.536,9 (Water),,,,,34967,,3,3,515489.649445,83
591462.846,2870946.388,-30.511,9 (Water),,,,,34808,,3,3,515489.689363,83,-30.511,9 (Water),,,,,34808,,3,3,515489.689363,83
591465.520,2870944.188,-30.531,9 (Water),,,,,34984,,3,3,515489.689412,83,-30.531,9 (Water),,,,,34984,,3,3,515489.689412,83
591464.545,2870947.476,-30.509,9 (Water),,,,,34850,,3,3,515489.729329,83,-30.509,9 (Water),,,,,34850,,3,3,515489.729329,83
